# X mode_0 mode_1 mode_2 mode_3
-1.500000000000000000e+01 1.911833091687638042e-01 2.368878689067581422e-01 2.663567304455928264e-01 3.055720914788853104e-01
-1.493987975951903735e+01 1.896565474895489101e-01 2.349722124081721208e-01 2.680350001158808837e-01 3.073362399863981409e-01
-1.487975951903807648e+01 1.882506711353304774e-01 2.330813007146759486e-01 2.695839901761668544e-01 3.090840379738266641e-01
-1.481963927855711383e+01 1.869921695037846110e-01 2.313782983350081424e-01 2.709628663722071229e-01 3.106666657890000960e-01
-1.475951903807615295e+01 1.857675164128388678e-01 2.297527052083318533e-01 2.722835397257612478e-01 3.121962386530680589e-01
-1.469939879759519030e+01 1.847467253423378253e-01 2.283212951572976546e-01 2.733664875318174148e-01 3.135654919685469944e-01
-1.463927855711422765e+01 1.837707373183645465e-01 2.270548843118799232e-01 2.743937166571737141e-01 3.147806617125818440e-01
-1.457915831663326678e+01 1.829490742852209195e-01 2.259475074000692751e-01 2.753422486263528701e-01 3.157611696883567687e-01
-1.451903807615230413e+01 1.823018313194346707e-01 2.249690811639896149e-01 2.761484966224686532e-01 3.165805908941070612e-01
-1.445891783567134325e+01 1.817846513146270937e-01 2.241911601631917106e-01 2.769416820922419031e-01 3.170825064299392371e-01
-1.439879759519038060e+01 1.814310115670122181e-01 2.235662989610304185e-01 2.777198668352336974e-01 3.172828226367236937e-01
-1.433867735470941795e+01 1.811932312761848629e-01 2.231406808872333225e-01 2.785280029587842709e-01 3.171380848777974881e-01
-1.427855711422845708e+01 1.811464324147361860e-01 2.228400575075408785e-01 2.793327227152748726e-01 3.166807873624480352e-01
-1.421843687374749443e+01 1.812839371655158849e-01 2.227039098596687583e-01 2.802317024935097600e-01 3.157804504813055413e-01
-1.415831663326653356e+01 1.816273694589072285e-01 2.227989969574473428e-01 2.811214177858962215e-01 3.144522157977491794e-01
-1.409819639278557091e+01 1.821542190832622088e-01 2.229722859190586826e-01 2.822244301291124136e-01 3.126490648685665286e-01
-1.403807615230461003e+01 1.828726321917777398e-01 2.232942454389429399e-01 2.832946967537108840e-01 3.105384256155684364e-01
-1.397795591182364738e+01 1.838752538077957355e-01 2.237923606170703350e-01 2.844436172658537099e-01 3.078887683092803029e-01
-1.391783567134268473e+01 1.850180581720402284e-01 2.243169144334675458e-01 2.858300625534377915e-01 3.048349648410544899e-01
-1.385771543086172386e+01 1.864521424817608131e-01 2.249613129613924900e-01 2.873023831760062041e-01 3.012841613808404650e-01
-1.379759519038076121e+01 1.880518581513446197e-01 2.256860063889759016e-01 2.888778752980466491e-01 2.973842601616329406e-01
-1.373747494989980034e+01 1.898891135866813684e-01 2.264382876058626259e-01 2.906597286737540586e-01 2.930128701337019193e-01
-1.367735470941883769e+01 1.919424852159434536e-01 2.272603151907490182e-01 2.924802089969640306e-01 2.883169905963435253e-01
-1.361723446893787504e+01 1.942129248015291021e-01 2.280768223063475986e-01 2.945001675283302478e-01 2.832100853637929960e-01
-1.355711422845691416e+01 1.967681059582561121e-01 2.288887710210414650e-01 2.964423217029638069e-01 2.779008013177385883e-01
-1.349699398797595151e+01 1.994873559924436046e-01 2.296567582552990483e-01 2.985321378604263720e-01 2.723237478918310028e-01
-1.343687374749499064e+01 2.023983275316093566e-01 2.303645905941884842e-01 3.006854765878649305e-01 2.665516052863372565e-01
-1.337675350701402799e+01 2.054918613890674428e-01 2.309917296509644558e-01 3.028595614317908247e-01 2.606568475281771380e-01
-1.331663326653306711e+01 2.088784530457117039e-01 2.315408617579287898e-01 3.049284476867488713e-01 2.546522375096107460e-01
-1.325651302605210446e+01 2.124561993923254899e-01 2.320616495018643366e-01 3.068927352225420124e-01 2.485894158832681888e-01
-1.319639278557114181e+01 2.160769137826051012e-01 2.324560104515396852e-01 3.088966108598682481e-01 2.425704649059870210e-01
-1.313627254509018094e+01 2.198929415310660329e-01 2.327162677857988193e-01 3.107236770004647153e-01 2.366671136826704047e-01
-1.307615230460921829e+01 2.239324836605282032e-01 2.328652829380528644e-01 3.123918725837410704e-01 2.308103608176778898e-01
-1.301603206412825742e+01 2.280708312547090333e-01 2.328949755969196012e-01 3.138684359228064435e-01 2.251657572255649775e-01
-1.295591182364729477e+01 2.323677057546655877e-01 2.327867184793845357e-01 3.151104406684684389e-01 2.197351350974815487e-01
-1.289579158316633212e+01 2.367960318610621007e-01 2.325210404929958785e-01 3.161466242008922345e-01 2.145363034450498418e-01
-1.283567134268537124e+01 2.412334507578834664e-01 2.322392885924153549e-01 3.168686217912911607e-01 2.096586388584101845e-01
-1.277555110220440859e+01 2.458815770924170641e-01 2.317581978484840044e-01 3.173611895023362162e-01 2.049990355567627986e-01
-1.271543086172344772e+01 2.504570131804531585e-01 2.312337742865388790e-01 3.175600856741460642e-01 2.007491268588619815e-01
-1.265531062124248507e+01 2.550905002013689193e-01 2.305883120518314733e-01 3.174577212865825615e-01 1.968634664602168793e-01
-1.259519038076152242e+01 2.598262343697075871e-01 2.298221975088689528e-01 3.170468791566494748e-01 1.933046889647738742e-01
-1.253507014028056155e+01 2.644472936846509747e-01 2.290363114776478304e-01 3.163863794453187217e-01 1.901300153923824177e-01
-1.247494989979959890e+01 2.691590963612331966e-01 2.281008225684965918e-01 3.154156466400485637e-01 1.873244344302216480e-01
-1.241482965931863802e+01 2.738034163868095505e-01 2.270897877266123133e-01 3.142841376900088468e-01 1.848226581965693449e-01
-1.235470941883767537e+01 2.783584788986646075e-01 2.259919129258460557e-01 3.128381959725900496e-01 1.828114122028992039e-01
-1.229458917835671272e+01 2.828430460935075774e-01 2.248102474457777111e-01 3.112009952452833295e-01 1.811457112154314097e-01
-1.223446893787575185e+01 2.871570300234767559e-01 2.235818353093335376e-01 3.094386482999336163e-01 1.798224863672561180e-01
-1.217434869739478920e+01 2.913796620711918695e-01 2.222461312615301443e-01 3.075242529298740091e-01 1.788499537374040327e-01
-1.211422845691382832e+01 2.954993474192899039e-01 2.208022035144290018e-01 3.054391708635965097e-01 1.782592782026844458e-01
-1.205410821643286567e+01 2.993438686352338785e-01 2.192998871565414176e-01 3.033869550266509729e-01 1.779692891815737033e-01
-1.199398797595190302e+01 3.030385023998274918e-01 2.177062142238209708e-01 3.012760472961869551e-01 1.779792360801646933e-01
-1.193386773547094215e+01 3.064945895846696855e-01 2.160499902504006697e-01 2.991117523081866514e-01 1.783436678567429101e-01
-1.187374749498997950e+01 3.097796467398769016e-01 2.142819274016312947e-01 2.970229416886094320e-01 1.789154841698823994e-01
-1.181362725450901863e+01 3.127239504774910750e-01 2.125223651438178096e-01 2.949763484914333933e-01 1.797773358872576388e-01
-1.175350701402805598e+01 3.153137130951799150e-01 2.106577746739666801e-01 2.931312099098759560e-01 1.808973023209774489e-01
-1.169338677354709333e+01 3.177034521581850179e-01 2.086989706105236986e-01 2.913940920393592870e-01 1.822034851919319964e-01
-1.163326653306613245e+01 3.197268795972343924e-01 2.067779510211013583e-01 2.897665001353350589e-01 1.837286692463291349e-01
-1.157314629258517158e+01 3.215736527533532008e-01 2.047189842556048911e-01 2.883308776755932334e-01 1.853764853154488135e-01
-1.151302605210420893e+01 3.229503550242446841e-01 2.026898461933362428e-01 2.871673032849751950e-01 1.871924954974439059e-01
-1.145290581162324628e+01 3.240271047722305120e-01 2.006583731818636918e-01 2.861489683542270401e-01 1.891655536916787284e-01
-1.139278557114228363e+01 3.248374054226683127e-01 1.986051346810242257e-01 2.853651806812551595e-01 1.911922792150521633e-01
-1.133266533066132276e+01 3.252583426760263796e-01 1.965711504691495248e-01 2.848149555561189095e-01 1.933555512987052416e-01
-1.127254509018036188e+01 3.253632493443393003e-01 1.946003428650023570e-01 2.845378733430278251e-01 1.954985344476305453e-01
-1.121242484969939923e+01 3.252591375370652571e-01 1.926646530018938930e-01 2.844113660839194813e-01 1.976648433771213409e-01
-1.115230460921843658e+01 3.247040771221436639e-01 1.908165755241842121e-01 2.846158033796152842e-01 1.998635439740569508e-01
-1.109218436873747571e+01 3.239452867858073626e-01 1.889920484267523793e-01 2.850355168825384755e-01 2.020271479049017549e-01
-1.103206412825651306e+01 3.228860465983789396e-01 1.872938689925375544e-01 2.856740970053839312e-01 2.041459874036995192e-01
-1.097194388777555218e+01 3.214945708966689408e-01 1.857215102625143222e-01 2.864848776087078330e-01 2.062990412321088207e-01
-1.091182364729458953e+01 3.199195853533383649e-01 1.842335585798496045e-01 2.875469486093664706e-01 2.082999074574456433e-01
-1.085170340681362688e+01 3.180976918112945473e-01 1.828380116322080029e-01 2.887744086041825198e-01 2.102898879523148468e-01
-1.079158316633266423e+01 3.161051188211763119e-01 1.816120114145904352e-01 2.901143348986739423e-01 2.121685348655592551e-01
-1.073146292585170336e+01 3.138185693984760216e-01 1.805499885317445874e-01 2.916939393025400062e-01 2.139375027672393292e-01
-1.067134268537074249e+01 3.114620746792618466e-01 1.795526464241581632e-01 2.933162280548148870e-01 2.156690508417650753e-01
-1.061122244488977984e+01 3.088204352477910142e-01 1.787560050230238562e-01 2.951734575658843673e-01 2.172501021633005958e-01
-1.055110220440881719e+01 3.060797112961610722e-01 1.780822047080392601e-01 2.970494006060601100e-01 2.187886833897396133e-01
-1.049098196392785631e+01 3.032075105267037496e-01 1.775083314196045370e-01 2.990451509408791342e-01 2.202390071128125792e-01
-1.043086172344689366e+01 3.002174727227034379e-01 1.771124522951393609e-01 3.010383244704519234e-01 2.216317505117052500e-01
-1.037074148296593279e+01 2.971652605790801593e-01 1.767910210445444719e-01 3.030855996489656978e-01 2.229581187274095877e-01
-1.031062124248497014e+01 2.938830168221286954e-01 1.766286809789622825e-01 3.052341620265521804e-01 2.242541401723567862e-01
-1.025050100200400749e+01 2.906709965007370222e-01 1.765306357408210347e-01 3.073622562337733344e-01 2.254361115246685532e-01
-1.019038076152304662e+01 2.872942187119178481e-01 1.765888951868411494e-01 3.095061380715494193e-01 2.266107480296915000e-01
-1.013026052104208397e+01 2.838973451967515826e-01 1.767260425823485026e-01 3.115829027994120870e-01 2.277937094214877445e-01
-1.007014028056112309e+01 2.804776321225789792e-01 1.769570893124417232e-01 3.136523399184186212e-01 2.289129386465605931e-01
-1.001002004008016044e+01 2.769181938502924267e-01 1.772962713781469080e-01 3.157082583291791478e-01 2.300772764423814620e-01
-9.949899799599197792e+00 2.734184207465887306e-01 1.777028999577018042e-01 3.176527332623134137e-01 2.312259460333960515e-01
-9.889779559118236918e+00 2.699258587827935152e-01 1.782073734099288709e-01 3.195541714052451132e-01 2.323125964020325007e-01
-9.829659318637276044e+00 2.663537052373757263e-01 1.788559250274864565e-01 3.212809309431060023e-01 2.335094387920317871e-01
-9.769539078156313394e+00 2.627093177583352257e-01 1.795874541406832225e-01 3.229196476460873266e-01 2.347835804548941974e-01
-9.709418837675350744e+00 2.591088697596811707e-01 1.803749384862748661e-01 3.244912981619771375e-01 2.360248935920667979e-01
-9.649298597194388094e+00 2.554854974142247714e-01 1.813036253058360747e-01 3.258564124615216939e-01 2.373544648184173766e-01
-9.589178356713427220e+00 2.518097875206690150e-01 1.824378221610448436e-01 3.270353549315923591e-01 2.387170353866938100e-01
-9.529058116232466347e+00 2.481638202404948534e-01 1.836315582723172801e-01 3.280287235927787926e-01 2.401758978944090739e-01
-9.468937875751503697e+00 2.444396227032811786e-01 1.849759224776837963e-01 3.288074533595852778e-01 2.417770014594497752e-01
-9.408817635270541047e+00 2.406633751083024908e-01 1.865429348280375210e-01 3.293361038819421216e-01 2.434575861817179221e-01
-9.348697394789578397e+00 2.369066687984842656e-01 1.882421218604012070e-01 3.296496605821409576e-01 2.452015487589735143e-01
-9.288577154308617523e+00 2.330434113698806320e-01 1.902090864047885632e-01 3.296210689263134874e-01 2.471264332990174006e-01
-9.228456913827656649e+00 2.291864816091956358e-01 1.924395487568714980e-01 3.292376196739824068e-01 2.491363499599503206e-01
-9.168336673346693999e+00 2.252191442106148134e-01 1.949204586807101458e-01 3.284961169968794725e-01 2.513642801117956238e-01
-9.108216432865731349e+00 2.211760572845198891e-01 1.977071912130939912e-01 3.273475341202259359e-01 2.537692173821602948e-01
-9.048096192384768699e+00 2.170102755410525386e-01 2.007968046213630398e-01 3.257128042630935139e-01 2.564801155744909078e-01
-8.987975951903807825e+00 2.127969264137823946e-01 2.042345724615561298e-01 3.236599793497649258e-01 2.593085217748966054e-01
-8.927855711422846952e+00 2.084132609799799474e-01 2.080497802399642604e-01 3.210430242776599608e-01 2.624939345023958315e-01
-8.867735470941884302e+00 2.039242396048774053e-01 2.122549525876794574e-01 3.178410290985675402e-01 2.659797787088755694e-01
-8.807615230460921651e+00 1.992977586047556815e-01 2.168882415370406991e-01 3.140205961651624245e-01 2.697934036930412782e-01
-8.747494989979959001e+00 1.944989327577720528e-01 2.219412560484737562e-01 3.094473212844465193e-01 2.741124899093075884e-01
-8.687374749498998128e+00 1.895218386761889640e-01 2.274707247327766579e-01 3.042765172678250640e-01 2.787309193232092586e-01
-8.627254509018037254e+00 1.843420106162923788e-01 2.334266723640078256e-01 2.983754263679043728e-01 2.838558906517953950e-01
-8.567134268537074604e+00 1.789317697459008316e-01 2.398595157213552764e-01 2.916936334903306172e-01 2.895150810424132470e-01
-8.507014028056111954e+00 1.733286281182672695e-01 2.467826532860215860e-01 2.841356098302870725e-01 2.957531087654240443e-01
-8.446893787575149304e+00 1.675127711789585749e-01 2.540989376383812615e-01 2.758657745367083525e-01 3.025225166459518111e-01
-8.386773547094188430e+00 1.614000035268438049e-01 2.618448595404242463e-01 2.667991614618168139e-01 3.099559754709152459e-01
-8.326653306613227556e+00 1.551685157690092243e-01 2.699432495218460626e-01 2.568451754519238128e-01 3.180430592572209281e-01
-8.266533066132264906e+00 1.485703322533288018e-01 2.784847815718775044e-01 2.462073220668255513e-01 3.267375641079681703e-01
-8.206412825651302256e+00 1.418363912720036479e-01 2.871532015190066955e-01 2.348127955489062724e-01 3.361976116600834397e-01
-8.146292585170341383e+00 1.348407818636914723e-01 2.960128178469224047e-01 2.228200909832490362e-01 3.463263093061370035e-01
-8.086172344689378733e+00 1.277219376904164261e-01 3.049259341720741423e-01 2.101969738959181544e-01 3.571551542415912217e-01
-8.026052104208417859e+00 1.204200906804480942e-01 3.137794324867475004e-01 1.972357697174066948e-01 3.685647071153977383e-01
-7.965931863727455209e+00 1.130266372963711630e-01 3.224527880281854442e-01 1.838935898372577038e-01 3.806269848381856891e-01
-7.905811623246493447e+00 1.055917066623549977e-01 3.308211042284537329e-01 1.704380083487000985e-01 3.931491807604912125e-01
-7.845691382765531685e+00 9.811941124361545086e-02 3.387233524022525977e-01 1.568785805035995684e-01 4.062786558505322998e-01
-7.785571142284569035e+00 9.073781998077364019e-02 3.460603190766373682e-01 1.434720276485509927e-01 4.197298332940379018e-01
-7.725450901803607273e+00 8.349048069232277436e-02 3.526405677690487850e-01 1.303862663539331890e-01 4.334826851846952933e-01
-7.665330661322645511e+00 7.638937259113040557e-02 3.584297569796429661e-01 1.176846453079034988e-01 4.474962251213231990e-01
-7.605210420841683749e+00 6.955485088024340734e-02 3.632304333490855019e-01 1.055616401988789671e-01 4.616530755717921375e-01
-7.545090180360721988e+00 6.301715529309069586e-02 3.670708516139748467e-01 9.408605151586220405e-02 4.758259415770723089e-01
-7.484969939879760226e+00 5.683094913168484225e-02 3.698681487483160280e-01 8.340302538081570405e-02 4.898978767391833355e-01
-7.424849699398797576e+00 5.100055577280002139e-02 3.715791114331101208e-01 7.350489972973534014e-02 5.039154330643544899e-01
-7.364729458917835814e+00 4.558966933566602903e-02 3.723348407541556826e-01 6.444340212631902154e-02 5.176320877838592738e-01
-7.304609218436874052e+00 4.060109685960968523e-02 3.720883175025674894e-01 5.626918577307691433e-02 5.310413998647459666e-01
-7.244488977955912290e+00 3.603566905288629885e-02 3.709612360022434552e-01 4.892550895918165027e-02 5.440775859856885610e-01
-7.184368737474950528e+00 3.189777523514682189e-02 3.690272316948191023e-01 4.240784920848097994e-02 5.566671438615531375e-01
-7.124248496993987878e+00 2.816959856560524722e-02 3.663910929671874150e-01 3.666272010159668526e-02 5.687765883656106247e-01
-7.064128256513026116e+00 2.482936523194146164e-02 3.631844710328074322e-01 3.163491378861540276e-02 5.803512499466357832e-01
-7.004008016032064354e+00 2.186347363318888459e-02 3.595175324492003166e-01 2.726793390733815714e-02 5.913510600102727111e-01
-6.943887775551102592e+00 1.923439592886710264e-02 3.555243217528315514e-01 2.349094264725880635e-02 6.017503396710426333e-01
-6.883767535070139942e+00 1.691851826168918466e-02 3.513301000017155507e-01 2.023654620750948985e-02 6.115148355290858095e-01
-6.823647294589179069e+00 1.489022154783682661e-02 3.470741193211727138e-01 1.745162781559985582e-02 6.205840313153906385e-01
-6.763527054108216419e+00 1.311334974945704314e-02 3.427538424362324698e-01 1.507283947550660912e-02 6.290599683388038432e-01
-6.703406813627255545e+00 1.156812389155535171e-02 3.385730374090929473e-01 1.304818637146894916e-02 6.368106523278828091e-01
-6.643286573146292895e+00 1.022126920065825027e-02 3.345875180600098031e-01 1.132397186081792254e-02 6.438672408785141021e-01
-6.583166332665330245e+00 9.048812146209271948e-03 3.308201169176123169e-01 9.859129850136818043e-03 6.502719410860416938e-01
-6.523046092184369371e+00 8.036729405561233303e-03 3.274344336496471386e-01 8.620192836853595580e-03 6.559086441079379215e-01
-6.462925851703406721e+00 7.156854962843385570e-03 3.243931003393945023e-01 7.564767669171536778e-03 6.608852770285906786e-01
-6.402805611222445847e+00 6.394385543077685079e-03 3.218088001657860575e-01 6.669123704005815341e-03 6.651276905871305045e-01
-6.342685370741483197e+00 5.732734138284034144e-03 3.196233252848524886e-01 5.908068731392451638e-03 6.687358718454711193e-01
-6.282565130260520547e+00 5.155515158664593887e-03 3.178477271264771864e-01 5.258638819417939259e-03 6.717381188954403282e-01
-6.222444889779559674e+00 4.657045603759512285e-03 3.166008963972574697e-01 4.706620134459002860e-03 6.740354378645240230e-01
-6.162324649298597024e+00 4.221735140877567322e-03 3.157310114533928846e-01 4.233521645663471111e-03 6.758137317600660943e-01
-6.102204408817636150e+00 3.843135965705239427e-03 3.154476362558961133e-01 3.828736296426886194e-03 6.768804914819717133e-01
-6.042084168336673500e+00 3.511679439711050312e-03 3.154759241732412733e-01 3.480575248082531156e-03 6.775318211389651513e-01
-5.981963927855712626e+00 3.222659558524469843e-03 3.158898379210659524e-01 3.180428467319481190e-03 6.777070740530900528e-01
-5.921843687374749976e+00 2.968713639651873563e-03 3.166845485527594595e-01 2.922142545687549369e-03 6.774245952619010191e-01
-5.861723446893787326e+00 2.746254088531259203e-03 3.178222940351215220e-01 2.697091455616408302e-03 6.767343604207308738e-01
-5.801603206412826452e+00 2.550581298019117312e-03 3.192619248266544973e-01 2.501070029390232204e-03 6.756864238459361349e-01
-5.741482965931863802e+00 2.377448909362994516e-03 3.207732800035544285e-01 2.329297965770327130e-03 6.745199731213122885e-01
-5.681362725450902929e+00 2.224225161167108986e-03 3.224431580581565981e-01 2.178559652998769258e-03 6.731540571276776186e-01
-5.621242484969940278e+00 2.088459408713984507e-03 3.243105896185860537e-01 2.045914944933326703e-03 6.715550360277666719e-01
-5.561122244488977628e+00 1.967610140095787680e-03 3.260958171890172563e-01 1.927397558854966391e-03 6.700091751120319516e-01
-5.501002004008016755e+00 1.859964990523664151e-03 3.278815454326044487e-01 1.822059732725637114e-03 6.684364298441463070e-01
-5.440881763527054105e+00 1.763829008189681099e-03 3.295719320674280195e-01 1.726914773559238116e-03 6.669373241508230743e-01
-5.380761523046093231e+00 1.678190473241852800e-03 3.311196091318752144e-01 1.641951261941394140e-03 6.655602491329415393e-01
-5.320641282565130581e+00 1.600915590945525867e-03 3.324790221243371091e-01 1.564416616061408164e-03 6.643556456686561251e-01
-5.260521042084167931e+00 1.531558912088946825e-03 3.335150813697964622e-01 1.493959722701650910e-03 6.634593999954129240e-01
-5.200400801603207057e+00 1.469390116004235403e-03 3.343187403762424292e-01 1.429615808974734606e-03 6.627822536987786339e-01
-5.140280561122244407e+00 1.413125241623250372e-03 3.347833903084731499e-01 1.369946713725957166e-03 6.624335377361777466e-01
-5.080160320641283533e+00 1.362630522205989479e-03 3.349173778808028912e-01 1.315022578733108204e-03 6.624049690182579608e-01
-5.020040080160320883e+00 1.316541280960823032e-03 3.346670891799659597e-01 1.264219111630338890e-03 6.627521504274428432e-01
-4.959919839679358233e+00 1.275840107700832284e-03 3.342325565227044493e-01 1.217352994356585240e-03 6.632742503752381280e-01
-4.899799599198397360e+00 1.238503943235323571e-03 3.333959889603548832e-01 1.174018497383827247e-03 6.641914885990259920e-01
-4.839679358717434710e+00 1.205589746212568699e-03 3.322547320682053829e-01 1.134521911031777242e-03 6.654051562745502135e-01
-4.779559118236473836e+00 1.175914062275429947e-03 3.309896914953017188e-01 1.098179776785317835e-03 6.667362146656374833e-01
-4.719438877755511186e+00 1.149460990383817209e-03 3.294806673717038392e-01 1.065675953139022872e-03 6.683041956847732834e-01
-4.659318637274550312e+00 1.126616699211554313e-03 3.279385061191323891e-01 1.036859859892306016e-03 6.698980173217637946e-01
-4.599198396793587662e+00 1.106470188127598809e-03 3.263878205250753672e-01 1.011512160293979046e-03 6.714941971265030451e-01
-4.539078156312625012e+00 1.089607211743280277e-03 3.248295724496490511e-01 9.903351034807011781e-04 6.730904852351269341e-01
-4.478957915831664138e+00 1.075868442095810921e-03 3.234560818172180774e-01 9.737583230442577089e-04 6.744942914176418336e-01
-4.418837675350701488e+00 1.064901693124653201e-03 3.222022488510292160e-01 9.616150359821577656e-04 6.757712344198639753e-01
-4.358717434869740615e+00 1.057715651995297249e-03 3.213853103947252321e-01 9.550300872445564642e-04 6.766019438660350049e-01
-4.298597194388777964e+00 1.053184696023635406e-03 3.208617398002277521e-01 9.544031529299609479e-04 6.771306723508186964e-01
-4.238476953907815314e+00 1.052325488638737767e-03 3.208447721020740717e-01 9.602065852425132123e-04 6.771426958240447380e-01
-4.178356713426854441e+00 1.055279293093429631e-03 3.213442644276736648e-01 9.739460899399296923e-04 6.766265101892929845e-01
-4.118236472945891791e+00 1.061798667253958115e-03 3.223868513373156497e-01 9.958777991256350694e-04 6.755554721963047404e-01
-4.058116232464930917e+00 1.072311132947807331e-03 3.241063162026581734e-01 1.028233529361445011e-03 6.737931391350325816e-01
-3.997995991983968267e+00 1.087398250962155841e-03 3.263961180315267940e-01 1.072126635340293248e-03 6.714443570821707619e-01
-3.937875751503005617e+00 1.106936496537460875e-03 3.294460590441662395e-01 1.129837290274737695e-03 6.683171671690215643e-01
-3.877755511022044743e+00 1.131112631229780124e-03 3.330559126693853900e-01 1.204406328375547119e-03 6.646085683710092340e-01
-3.817635270541082093e+00 1.160141348402824769e-03 3.372146241424561763e-01 1.298788776056429128e-03 6.603264457330846326e-01
-3.757515030060121219e+00 1.195047456561536053e-03 3.419617918869076734e-01 1.418118006626044010e-03 6.554250426499047544e-01
-3.697394789579158569e+00 1.235570264526762111e-03 3.470472992564793691e-01 1.568915540380552524e-03 6.501482149386133003e-01
-3.637274549098197696e+00 1.281940263541700474e-03 3.525040103250484669e-01 1.758188171227813550e-03 6.444558612401820596e-01
-3.577154308617235046e+00 1.334685033143558812e-03 3.580607335499689237e-01 1.995969467255815418e-03 6.386086119496316993e-01
-3.517034068136272396e+00 1.394326545426900679e-03 3.635169468053582320e-01 2.296702014522035342e-03 6.327920246346928623e-01
-3.456913827655311522e+00 1.460742533552680670e-03 3.686571769430668222e-01 2.677209017211997725e-03 6.272048715061684376e-01
-3.396793587174348872e+00 1.534378395129129807e-03 3.732729392717744066e-01 3.162786768540838938e-03 6.220298955645556793e-01
-3.336673346693387998e+00 1.614894046977414978e-03 3.769364688567745092e-01 3.781750628698090939e-03 6.176668864675499693e-01
-3.276553106212425348e+00 1.703202214818552935e-03 3.795294483516873929e-01 4.578207084364538729e-03 6.141891423491294688e-01
-3.216432865731462698e+00 1.798438354635689164e-03 3.805043792828431415e-01 5.606071939473340933e-03 6.120911104230478683e-01
-3.156312625250501824e+00 1.900484841426062534e-03 3.796979269165473569e-01 6.940611830119189710e-03 6.114609764119073310e-01
-3.096192384769539174e+00 2.008356878035614471e-03 3.766860185628613245e-01 8.675767776229850389e-03 6.126298567828731834e-01
-3.036072144288578301e+00 2.121506687785673466e-03 3.711723614212499300e-01 1.093809072713831064e-02 6.157680411638261075e-01
-2.975951903807615651e+00 2.236633285445783787e-03 3.629039503081105122e-01 1.388752856521025848e-02 6.209718878412333609e-01
-2.915831663326653000e+00 2.352364158470230879e-03 3.515637226359056844e-01 1.772938626480581245e-02 6.283545269408182810e-01
-2.855711422845692127e+00 2.464770701404684575e-03 3.370093960933956967e-01 2.271347915260068032e-02 6.378123540525988400e-01
-2.795591182364729477e+00 2.569033309976294279e-03 3.191878258654572420e-01 2.914294440006458264e-02 6.491001964245017852e-01
-2.735470941883768603e+00 2.659562046897477085e-03 2.982408988684140394e-01 3.734075011330674487e-02 6.617587889713817395e-01
-2.675350701402805953e+00 2.729434350141949489e-03 2.744504603834302947e-01 4.766736167437260474e-02 6.751527435920551268e-01
-2.615230460921843303e+00 2.773058219715057466e-03 2.483631514721865996e-01 6.045562675184331519e-02 6.884081635562550039e-01
-2.555110220440882429e+00 2.782416009817075767e-03 2.205356255700025581e-01 7.591571111332018340e-02 7.007662473068601017e-01
-2.494989979959919779e+00 2.754709381600355632e-03 1.919726622093390345e-01 9.418101945215877346e-02 7.110916089569019327e-01
-2.434869739478958905e+00 2.686308902713025522e-03 1.636791799751652898e-01 1.151614278227015842e-01 7.184730832994201677e-01
-2.374749498997996255e+00 2.579946667890333813e-03 1.366639910904614563e-01 1.385204457970045933e-01 7.222356164446436244e-01
-2.314629258517035382e+00 2.440858571951856279e-03 1.117385036397694209e-01 1.636946276232284225e-01 7.221260101650502916e-01
-2.254509018036072732e+00 2.273693872222136772e-03 8.957592973314752738e-02 1.899523711582528362e-01 7.181980052363775568e-01
-2.194388777555110082e+00 2.091293770983097822e-03 7.056395934547531057e-02 2.164722480884155031e-01 7.108724987951260399e-01
-2.134268537074149208e+00 1.901420289653286185e-03 5.472895378268687050e-02 2.422707698030489021e-01 7.010988561246109807e-01
-2.074148296593186558e+00 1.713571356767259937e-03 4.192379749181947973e-02 2.668236417663006343e-01 6.895389893851125995e-01
-2.014028056112225684e+00 1.534848795127110753e-03 3.182456286381456223e-02 2.893229832173063731e-01 6.773176051237520534e-01
-1.953907815631263034e+00 1.369991444451841523e-03 2.402122365523783748e-02 3.094633304049556055e-01 6.651454544953547821e-01
-1.893787575150300384e+00 1.221042169573313164e-03 1.807372957735204136e-02 3.268375955633552321e-01 6.538676326897193691e-01
-1.833667334669339510e+00 1.091433618771340316e-03 1.361381314881896301e-02 3.415308069726810669e-01 6.437639462597287698e-01
-1.773547094188376860e+00 9.798199388664329944e-04 1.029403345859245499e-02 3.533065538042139409e-01 6.354195927983271597e-01
-1.713426853707415987e+00 8.858128148225330499e-04 7.837369645526434669e-03 3.625028365291442789e-01 6.287739810105067439e-01
-1.653306613226453337e+00 8.084597815665433423e-04 6.025250158546368098e-03 3.692197460652526519e-01 6.239465439946344505e-01
-1.593186372745490686e+00 7.463441761837111971e-04 4.688920396469480577e-03 3.736576722739906042e-01 6.209070631533560869e-01
-1.533066132264529813e+00 6.981512901430214158e-04 3.703703193877492215e-03 3.761476551870295282e-01 6.194504903289499431e-01
-1.472945891783567163e+00 6.631965568031523159e-04 2.976459032418721663e-03 3.768415198961339585e-01 6.195188245146442396e-01
-1.412825651302606289e+00 6.409308575650575447e-04 2.437415123907985936e-03 3.760930400330748657e-01 6.208286139854520824e-01
-1.352705410821643639e+00 6.307345983353522751e-04 2.038523542090347855e-03 3.741327479294856984e-01 6.231979939300886784e-01
-1.292585170340682765e+00 6.331122737720363105e-04 1.744918828320228630e-03 3.713753787830406106e-01 6.262465901148671632e-01
-1.232464929859720115e+00 6.487036837729872728e-04 1.529675556434939663e-03 3.677854732606374855e-01 6.300361474991545974e-01
-1.172344689378757465e+00 6.797271313264958807e-04 1.375912692696983726e-03 3.638730410689597905e-01 6.340713191070167509e-01
-1.112224448897796591e+00 7.286348190182117884e-04 1.271249132140436517e-03 3.596356923763477376e-01 6.383644236724935750e-01
-1.052104208416833941e+00 7.992299831757911479e-04 1.207347306670966290e-03 3.553703754213511368e-01 6.426230472888020406e-01
-9.919839679358730677e-01 8.976229630267158191e-04 1.179251066286858248e-03 3.512594015896287059e-01 6.466637243810576807e-01
-9.318637274549104177e-01 1.031721514426335064e-03 1.184618870766650321e-03 3.471685294550827527e-01 6.506151301597241643e-01
-8.717434869739477676e-01 1.214065353589225240e-03 1.224026205120941953e-03 3.433677174878473903e-01 6.541941909534424449e-01
-8.116232464929868939e-01 1.461702378277706087e-03 1.301080437718182261e-03 3.399170764832299407e-01 6.573201407007741581e-01
-7.515030060120242439e-01 1.798330173082197990e-03 1.421196332996303713e-03 3.367892690335931305e-01 6.599912044603282180e-01
-6.913827655310633702e-01 2.260286761797424427e-03 1.594859119689508425e-03 3.339709797843699035e-01 6.621738743341430977e-01
-6.312625250501007201e-01 2.893846706691098700e-03 1.834696239307892756e-03 3.312887124841978337e-01 6.639827445698032182e-01
-5.711422845691380701e-01 3.773897936722600110e-03 2.162520416150308031e-03 3.290201301304909176e-01 6.650434515166362415e-01
-5.110220440881771964e-01 4.996292425464621267e-03 2.605351993750217639e-03 3.268066289301705396e-01 6.655917266506147234e-01
-4.509018036072145463e-01 6.703626604626841505e-03 3.202312861323973209e-03 3.246888312360634021e-01 6.654052292979858452e-01
-3.907815631262536726e-01 9.089789077657485505e-03 4.007517529368723706e-03 3.224925378402471732e-01 6.644101555527266445e-01
-3.306613226452910226e-01 1.242121720907874913e-02 5.092156304436481692e-03 3.199141743427299511e-01 6.625724521437548198e-01
-2.705410821643283725e-01 1.704603556451088006e-02 6.550635619169803067e-03 3.169467452586863243e-01 6.594565835576329249e-01
-2.104208416833674988e-01 2.341943811818043147e-02 8.505346248340235962e-03 3.133668115174166324e-01 6.547084041160626811e-01
-1.503006012024048488e-01 3.207676552868576197e-02 1.110601267235097889e-02 3.086466809907608688e-01 6.481705408082024666e-01
-9.018036072144397508e-02 4.364525858539811121e-02 1.453267675506010430e-02 3.027677619643958651e-01 6.390543026951458483e-01
-3.006012024048132503e-02 5.872465752203763489e-02 1.899416885188097426e-02 2.954046533565932720e-01 6.268765202694881467e-01
3.006012024047954867e-02 7.782683205629081780e-02 2.468647039481453032e-02 2.862925209931220794e-01 6.111941765557725725e-01
9.018036072144219872e-02 1.011803204517677940e-01 3.181282450691017699e-02 2.753917888783153911e-01 5.916150661630066310e-01
1.503006012024048488e-01 1.285517736423404389e-01 4.050804905935370681e-02 2.626868491513989490e-01 5.682533281469068775e-01
2.104208416833657225e-01 1.592418723585379281e-01 5.081928700734646837e-02 2.485339961082861648e-01 5.414048445258294873e-01
2.705410821643283725e-01 1.918537997168652809e-01 6.273190571557306361e-02 2.333582746293879073e-01 5.120560199381737343e-01
3.306613226452892462e-01 2.246249735323971042e-01 7.614980302929916234e-02 2.179153117161413966e-01 4.813099117221621981e-01
3.907815631262518963e-01 2.556261184571459455e-01 9.093034017225058718e-02 2.027483981714546246e-01 4.506951431991489398e-01
4.509018036072145463e-01 2.830108736184206997e-01 1.069489609774731537e-01 1.886420276194283319e-01 4.213981377846778842e-01
5.110220440881754200e-01 3.052213168069348725e-01 1.240665701797064868e-01 1.759999371041045813e-01 3.947121759092540039e-01
5.711422845691380701e-01 3.211859652759841421e-01 1.422315970555407538e-01 1.653024332336247570e-01 3.712800044348503747e-01
6.312625250500989438e-01 3.303624638409384251e-01 1.613555816241934171e-01 1.566336563252851144e-01 3.516482982095830989e-01
6.913827655310615938e-01 3.325296084312052147e-01 1.814040626371723475e-01 1.500784858992554871e-01 3.359878430323670062e-01
7.515030060120242439e-01 3.278976785313742481e-01 2.022978119770206529e-01 1.457148928064400106e-01 3.240896166851652271e-01
8.116232464929851176e-01 3.169345984291160323e-01 2.238335874421062410e-01 1.434415371833223651e-01 3.157902769454553060e-01
8.717434869739477676e-01 3.003506825360001686e-01 2.458064860644353922e-01 1.431793026087321286e-01 3.106635287908323662e-01
9.318637274549086413e-01 2.791140765899204346e-01 2.677928181131317142e-01 1.447529028980242272e-01 3.083402023989235685e-01
9.919839679358712914e-01 2.542803515495186129e-01 2.891129586897424053e-01 1.481539255237797337e-01 3.084527642369592759e-01
1.052104208416832165e+00 2.270325599420089380e-01 3.092650860324683837e-01 1.532877416126778858e-01 3.104146124128446815e-01
1.112224448897794815e+00 1.987681671838721076e-01 3.275087937442245911e-01 1.600175925328692628e-01 3.137054465390340385e-01
1.172344689378757465e+00 1.705931191041890060e-01 3.432712131137312106e-01 1.682892646971139716e-01 3.178464030849657562e-01
1.232464929859720115e+00 1.437154040711634828e-01 3.558836312066118168e-01 1.779309218292514372e-01 3.224700428929732632e-01
1.292585170340679213e+00 1.188859267790209479e-01 3.651391685852274915e-01 1.889300052606175118e-01 3.270448993751340350e-01
1.352705410821641863e+00 9.675210981352064255e-02 3.709072483911173279e-01 2.011077638627418451e-01 3.312328779326201289e-01
1.412825651302604513e+00 7.757959623861629406e-02 3.732435508010287228e-01 2.143690880654617603e-01 3.348077648948932228e-01
1.472945891783567163e+00 6.145653584144259579e-02 3.724356603364328278e-01 2.286092365588906772e-01 3.374985672632339617e-01
1.533066132264529813e+00 4.818772151830308381e-02 3.689207824635365451e-01 2.435536953861423826e-01 3.393378006320180162e-01
1.593186372745488910e+00 3.749778331491762651e-02 3.633211734262420389e-01 2.590360598601581521e-01 3.401449833986822102e-01
1.653306613226451560e+00 2.904652725825362589e-02 3.562021630115696502e-01 2.749068669143041599e-01 3.398444428158725050e-01
1.713426853707414210e+00 2.245248260728091583e-02 3.480166014126926943e-01 2.908878643207568615e-01 3.386430516592694451e-01
1.773547094188376860e+00 1.737663863273654352e-02 3.394659287887381027e-01 3.066178875327547626e-01 3.365395450457706605e-01
1.833667334669339510e+00 1.349990592608142984e-02 3.309839654714383794e-01 3.218323092446436218e-01 3.336838193578365863e-01
1.893787575150298608e+00 1.055615946005288366e-02 3.229051084134448302e-01 3.362312116678646268e-01 3.303075204586376490e-01
1.953907815631261258e+00 8.331072104896858690e-03 3.156113160572274201e-01 3.495922613557352898e-01 3.264653504821403707e-01
2.014028056112223908e+00 6.655667480787766030e-03 3.093630721819440321e-01 3.615310939959450187e-01 3.224501663413232300e-01
2.074148296593186558e+00 5.393709618583540297e-03 3.044683355489438692e-01 3.718549767924765881e-01 3.182829780399960562e-01
2.134268537074149208e+00 4.444571680975252341e-03 3.009003746598735152e-01 3.803378295132995301e-01 3.143172241458516702e-01
2.194388777555108305e+00 3.731144178176738161e-03 2.988425519207477676e-01 3.867522400376069425e-01 3.106740638634686302e-01
2.254509018036070955e+00 3.197420869759981781e-03 2.983065028360181170e-01 3.911106643024905294e-01 3.073854119917314720e-01
2.314629258517033605e+00 2.801073793622891640e-03 2.992715221291601946e-01 3.933446526677801258e-01 3.045827514094367472e-01
2.374749498997996255e+00 2.509547538227224067e-03 3.017604607849412868e-01 3.934061484687941257e-01 3.023238432080373461e-01
2.434869739478958905e+00 2.303778871662780833e-03 3.055395443280663481e-01 3.914646640790713783e-01 3.006920127211993865e-01
2.494989979959918003e+00 2.167799255063492664e-03 3.105744315469635142e-01 3.875028439513673595e-01 2.997549252466057412e-01
2.555110220440880653e+00 2.091074149864362731e-03 3.166783532813543522e-01 3.818118076963245566e-01 2.994187648724567219e-01
2.615230460921843303e+00 2.068646273800860396e-03 3.235218631046087312e-01 3.747499972387696165e-01 2.996594933828207741e-01
2.675350701402805953e+00 2.097556189149200629e-03 3.309049798357259764e-01 3.663659894931772798e-01 3.006314744819474916e-01
2.735470941883768603e+00 2.180099094933753579e-03 3.384537668592637605e-01 3.571723998166089764e-01 3.021937342291935447e-01
2.795591182364727700e+00 2.321789091611626589e-03 3.458622408776339530e-01 3.475038596845688721e-01 3.043121103461854382e-01
2.855711422845690350e+00 2.530727205071187005e-03 3.526598367840482751e-01 3.376717153655315329e-01 3.071377206453488884e-01
2.915831663326653000e+00 2.822694441878468435e-03 3.586005066240328110e-01 3.281635568927092628e-01 3.104132420413794335e-01
2.975951903807615651e+00 3.218215974479599409e-03 3.632184554203134463e-01 3.192760989287879991e-01 3.142872296764188667e-01
3.036072144288574748e+00 3.747820531151370080e-03 3.660786379785543332e-01 3.113644581100817321e-01 3.188090833802125212e-01
3.096192384769537398e+00 4.450736115058813447e-03 3.668947931622850156e-01 3.047485250130116397e-01 3.239059457096444272e-01
3.156312625250500048e+00 5.383570787398937567e-03 3.655618932648475594e-01 2.997288139772087967e-01 3.293257219705447159e-01
3.216432865731462698e+00 6.624593406565441704e-03 3.615277500279783229e-01 2.965292746522691369e-01 3.353183819131870802e-01
3.276553106212425348e+00 8.278294623290657211e-03 3.547997412389805039e-01 2.954216516930465719e-01 3.415003124446822080e-01
3.336673346693384445e+00 1.048547915821014011e-02 3.452917910879274577e-01 2.964924499808472835e-01 3.477302797730150719e-01
3.396793587174347095e+00 1.342803669658947617e-02 3.328229227764071263e-01 2.999886670727382465e-01 3.537603734542650313e-01
3.456913827655309746e+00 1.735491872094404101e-02 3.174722576984356781e-01 3.060753690255971771e-01 3.590974545550231212e-01
3.517034068136272396e+00 2.257692299179775083e-02 2.994817928185997125e-01 3.147475561586536297e-01 3.631937280309489036e-01
3.577154308617235046e+00 2.945422732268510729e-02 2.789626953250055608e-01 3.260983701266337298e-01 3.654847072256756091e-01
3.637274549098194143e+00 3.845060902116836932e-02 2.562945962836225555e-01 3.400716991382558008e-01 3.651830955569533299e-01
3.697394789579156793e+00 5.003974901884621768e-02 2.319999042385871013e-01 3.563374236929451322e-01 3.616229230496214586e-01
3.757515030060119443e+00 6.469646673268117376e-02 2.065399946367709183e-01 3.747356260289930185e-01 3.540279126015549171e-01
3.817635270541082093e+00 8.281034844603842038e-02 1.806472878469244092e-01 3.946558589696306796e-01 3.418865047374066157e-01
3.877755511022044743e+00 1.045829075451961965e-01 1.550238735423813685e-01 4.153169532513213413e-01 3.250762656611009827e-01
3.937875751503003841e+00 1.299487214299424875e-01 1.304438451636581731e-01 4.360981604640202791e-01 3.035092729423790603e-01
3.997995991983966491e+00 1.584114620117599292e-01 1.075563680027707969e-01 4.560809814316988398e-01 2.779511885537703231e-01
