# X mode_0 mode_1 mode_2 mode_3
-1.500000000000000000e+01 2.172363328423194406e-01 1.668813756450341634e-01 4.345587989825071551e-01 1.813234925301392408e-01
-1.493987975951903735e+01 2.156363690729986571e-01 1.664102451882597533e-01 4.379290628141518371e-01 1.800243229245897802e-01
-1.487975951903807648e+01 2.139521153543869070e-01 1.659371037220833955e-01 4.413644161668544008e-01 1.787463647566752412e-01
-1.481963927855711383e+01 2.121421610015218062e-01 1.655121801837463047e-01 4.448436509015737950e-01 1.775020079131580386e-01
-1.475951903807615295e+01 2.103754046244901144e-01 1.649919630336401100e-01 4.482957151009788199e-01 1.763369172408908447e-01
-1.469939879759519030e+01 2.085709601597910690e-01 1.644985091262822496e-01 4.517936905130859326e-01 1.751368402008406933e-01
-1.463927855711422765e+01 2.066267930500622074e-01 1.639904759381565491e-01 4.553721317990706563e-01 1.740105992127106427e-01
-1.457915831663326678e+01 2.046642830888790177e-01 1.635108046957104433e-01 4.589514159019684736e-01 1.728734963134420377e-01
-1.451903807615230413e+01 2.026716876257636246e-01 1.629340755295458909e-01 4.625253799321281667e-01 1.718688569125623733e-01
-1.445891783567134325e+01 2.006089535297037041e-01 1.623900800303385294e-01 4.662092768660397457e-01 1.707916895739181040e-01
-1.439879759519038060e+01 1.985004224420939545e-01 1.618412070161169836e-01 4.698661276689818922e-01 1.697922428728071420e-01
-1.433867735470941795e+01 1.963218814076268248e-01 1.612296765114521191e-01 4.735881426545030526e-01 1.688602994264180313e-01
-1.427855711422845708e+01 1.941650298536138353e-01 1.606300123262293378e-01 4.772577294325195396e-01 1.679472283876372596e-01
-1.421843687374749443e+01 1.919270339028010808e-01 1.600018185275852156e-01 4.810319023339839628e-01 1.670392452356297686e-01
-1.415831663326653356e+01 1.896593976966722828e-01 1.593189270153973769e-01 4.848251046821550614e-01 1.661965706057753622e-01
-1.409819639278557091e+01 1.872832714389779385e-01 1.586378686568380991e-01 4.886744433948422284e-01 1.654044165093417340e-01
-1.403807615230461003e+01 1.849082616684676883e-01 1.579318312186645812e-01 4.925539687902360519e-01 1.646059383226315675e-01
-1.397795591182364738e+01 1.825173864204967245e-01 1.571754667199313504e-01 4.964301573179364935e-01 1.638769895416353761e-01
-1.391783567134268473e+01 1.800725880111626043e-01 1.563972678069911471e-01 5.003234565965999359e-01 1.632066875852463406e-01
-1.385771543086172386e+01 1.775693519883700111e-01 1.556006983302941349e-01 5.042604478766686826e-01 1.625695018046671991e-01
-1.379759519038076121e+01 1.750739935368558764e-01 1.547779367358473324e-01 5.081867199017184866e-01 1.619613498255782491e-01
-1.373747494989980034e+01 1.725130403683838021e-01 1.539372801654639578e-01 5.121677681419537498e-01 1.613819113241984626e-01
-1.367735470941883769e+01 1.699443879761085574e-01 1.530212195942520226e-01 5.161559218385408654e-01 1.608784705910984714e-01
-1.361723446893787504e+01 1.673572459359151388e-01 1.520607621256386266e-01 5.201920330767150213e-01 1.603899588617313243e-01
-1.355711422845691416e+01 1.647406764286813152e-01 1.511360329043522077e-01 5.241580791085965751e-01 1.599652115583699019e-01
-1.349699398797595151e+01 1.620448948969311909e-01 1.501420902255721779e-01 5.282604076554459072e-01 1.595526072220505576e-01
-1.343687374749499064e+01 1.593888794413200749e-01 1.490816744266631189e-01 5.323160291196940008e-01 1.592134170123228887e-01
-1.337675350701402799e+01 1.566930762291463830e-01 1.479858670161485479e-01 5.363997361671318798e-01 1.589213205875731616e-01
-1.331663326653306711e+01 1.539635316732989312e-01 1.468916011714744008e-01 5.404907367769211657e-01 1.586541303783054468e-01
-1.325651302605210446e+01 1.512446321206865063e-01 1.457655288267127591e-01 5.445502604982902506e-01 1.584395785543104285e-01
-1.319639278557114181e+01 1.484851045219025001e-01 1.445754634810029471e-01 5.486596407808749243e-01 1.582797912162195730e-01
-1.313627254509018094e+01 1.457397926664333043e-01 1.433309427568147665e-01 5.527681305338173479e-01 1.581611340429344981e-01
-1.307615230460921829e+01 1.429259073669661984e-01 1.420770331419001775e-01 5.569222665728693622e-01 1.580747929182642897e-01
-1.301603206412825742e+01 1.401689951154848901e-01 1.407480407312685922e-01 5.610309669620533457e-01 1.580519971911932553e-01
-1.295591182364729477e+01 1.373658646836827535e-01 1.394194735219774217e-01 5.651401989663260572e-01 1.580744628280138786e-01
-1.289579158316633212e+01 1.345422803808142831e-01 1.380376073275327020e-01 5.693013846700714087e-01 1.581187276215815785e-01
-1.283567134268537124e+01 1.317323720241407037e-01 1.366158820787504724e-01 5.734166325445336776e-01 1.582351133525752573e-01
-1.277555110220440859e+01 1.289410346183931522e-01 1.351279186559640744e-01 5.775437527242773816e-01 1.583872940013653363e-01
-1.271543086172344772e+01 1.261386036417427026e-01 1.336389339626755102e-01 5.816196803322920550e-01 1.586027820632897323e-01
-1.265531062124248507e+01 1.233313591216584765e-01 1.320575419133096229e-01 5.857759689411236037e-01 1.588351300239083108e-01
-1.259519038076152242e+01 1.205343002031040583e-01 1.304927562155893395e-01 5.898212264624719259e-01 1.591517171188346624e-01
-1.253507014028056155e+01 1.177581826616737187e-01 1.288479447696831426e-01 5.939234485531696972e-01 1.594704240154733721e-01
-1.247494989979959890e+01 1.149398691644355208e-01 1.272142849048727986e-01 5.979836252882567704e-01 1.598622206424348824e-01
-1.241482965931863802e+01 1.122034989765011703e-01 1.255225673413000453e-01 6.019546645493017989e-01 1.603192691328969854e-01
-1.235470941883767537e+01 1.094092194427082609e-01 1.237740193953878326e-01 6.060136788883643266e-01 1.608030822735396215e-01
-1.229458917835671272e+01 1.066761849582767291e-01 1.219699401422657120e-01 6.100186550726565127e-01 1.613352198268009907e-01
-1.223446893787575185e+01 1.039332524621869314e-01 1.201749373854316127e-01 6.139591941496758132e-01 1.619326160027056150e-01
-1.217434869739478920e+01 1.012103344321340498e-01 1.183256845047281486e-01 6.179182128717536360e-01 1.625457681913842212e-01
-1.211422845691382832e+01 9.850592422178945651e-02 1.164424705744181721e-01 6.218281135194227982e-01 1.632234916843694761e-01
-1.205410821643286567e+01 9.583047790324521198e-02 1.145769808512488164e-01 6.255971847423581478e-01 1.639953565031478100e-01
-1.199398797595190302e+01 9.319722608669415986e-02 1.126170579082048928e-01 6.294217544716557144e-01 1.647639615334451912e-01
-1.193386773547094215e+01 9.055497082105075368e-02 1.106459254673505116e-01 6.332477626417323258e-01 1.655513410698665200e-01
-1.187374749498997950e+01 8.796998099748849775e-02 1.086715890828545000e-01 6.369130194329103434e-01 1.664454104867467421e-01
-1.181362725450901863e+01 8.540498300539101084e-02 1.066622215120663492e-01 6.405892863629981671e-01 1.673435091195444591e-01
-1.175350701402805598e+01 8.282101336215731691e-02 1.046065780216657026e-01 6.442055694210752081e-01 1.683668391951017862e-01
-1.169338677354709333e+01 8.032907968676811228e-02 1.025563465729615875e-01 6.477642884632853759e-01 1.693502852769848688e-01
-1.163326653306613245e+01 7.784784264602502557e-02 1.004786020805526620e-01 6.512399915212515600e-01 1.704335637521706970e-01
-1.157314629258517158e+01 7.539255278180594100e-02 9.840592072143926339e-02 6.546834364189105804e-01 1.715180900778442152e-01
-1.151302605210420893e+01 7.298722876026045303e-02 9.629356194788141199e-02 6.579864207747441185e-01 1.727327885171140165e-01
-1.145290581162324628e+01 7.060851613687828265e-02 9.414764689822531507e-02 6.613487056005388220e-01 1.738951313643574415e-01
-1.139278557114228363e+01 6.826976990894913222e-02 9.204704398207234906e-02 6.645082571496094825e-01 1.751749289593690362e-01
-1.133266533066132276e+01 6.595425569872609417e-02 8.988656942656117477e-02 6.677095400841974726e-01 1.764496347905153417e-01
-1.127254509018036188e+01 6.368828414622672296e-02 8.777421213095772112e-02 6.706910872446613103e-01 1.778464164781542733e-01
-1.121242484969939923e+01 6.146125399449890725e-02 8.562714441946753241e-02 6.736888966752327956e-01 1.792227049108007786e-01
-1.115230460921843658e+01 5.928462716053589654e-02 8.348386840415526755e-02 6.765840479193558910e-01 1.806474565159528201e-01
-1.109218436873747571e+01 5.714632698946671419e-02 8.132972124497049593e-02 6.793782541980348810e-01 1.821456975675279644e-01
-1.103206412825651306e+01 5.504633689269002733e-02 7.920779450272999456e-02 6.820861022249331551e-01 1.836597663796469271e-01
-1.097194388777555218e+01 5.300715713915890581e-02 7.707260529036734364e-02 6.846442114698717551e-01 1.852760261006018982e-01
-1.091182364729458953e+01 5.098992068600422672e-02 7.494229899452625743e-02 6.871443278387711073e-01 1.869234524806983599e-01
-1.085170340681362688e+01 4.901692911382022483e-02 7.281966879348837629e-02 6.896058208789218602e-01 1.885575812137695872e-01
-1.079158316633266423e+01 4.711311963055578311e-02 7.072322270635808539e-02 6.918954408562344449e-01 1.902682168068517699e-01
-1.073146292585170336e+01 4.524052902193451131e-02 6.864337229188127720e-02 6.940970271814242976e-01 1.920190715047599972e-01
-1.067134268537074249e+01 4.343087098576686039e-02 6.658087373169692402e-02 6.961798013048481337e-01 1.938084539776881721e-01
-1.061122244488977984e+01 4.164346557676028293e-02 6.452188215611295852e-02 6.981906681129786962e-01 1.956439841541480762e-01
-1.055110220440881719e+01 3.991264854777105964e-02 6.250357168957185183e-02 7.000699373414492888e-01 1.975138424212077859e-01
-1.049098196392785631e+01 3.823930689109775877e-02 6.052889406266067501e-02 7.018204774422457382e-01 1.994113216039956893e-01
-1.043086172344689366e+01 3.660370429632157918e-02 5.854813468449227704e-02 7.034663147985573683e-01 2.013818462206287685e-01
-1.037074148296593279e+01 3.502539563505936704e-02 5.660573678701567163e-02 7.049643041801139098e-01 2.034045633978109335e-01
-1.031062124248497014e+01 3.348513735825419529e-02 5.468054130411848651e-02 7.064625317371511226e-01 2.053717896004761123e-01
-1.025050100200400749e+01 3.199628999364607929e-02 5.281552718128962320e-02 7.076673974884242213e-01 2.075207853366400901e-01
-1.019038076152304662e+01 3.055907117195833661e-02 5.095635485458656355e-02 7.088714158764345408e-01 2.096131580970206632e-01
-1.013026052104208397e+01 2.916047863383936650e-02 4.914121106850721094e-02 7.100102835940422796e-01 2.116880267036111152e-01
-1.007014028056112309e+01 2.780854456020517493e-02 4.735741178996583783e-02 7.109521141219820040e-01 2.138819295278469867e-01
-1.001002004008016044e+01 2.651283009513059202e-02 4.561838658065672791e-02 7.118099306862806230e-01 2.160588526379319807e-01
-9.949899799599197792e+00 2.524976380838250822e-02 4.392007448986232077e-02 7.125356181785988952e-01 2.182945435231563869e-01
-9.889779559118236918e+00 2.404248465910712243e-02 4.224801926815501679e-02 7.131741464980746459e-01 2.205353495746632253e-01
-9.829659318637276044e+00 2.287827407923876538e-02 4.062668584963734231e-02 7.136417327326407545e-01 2.228533073384831309e-01
-9.769539078156313394e+00 2.175629430431463493e-02 3.903986142025483302e-02 7.140320475102462927e-01 2.251717967651843122e-01
-9.709418837675350744e+00 2.067401076935936402e-02 3.749363072705313993e-02 7.143845312197406594e-01 2.274478272838467707e-01
-9.649298597194388094e+00 1.963909268916994716e-02 3.598493956026364848e-02 7.145061641902129557e-01 2.298698035603534140e-01
-9.589178356713427220e+00 1.864084543704242272e-02 3.451227791048037258e-02 7.146441793027235034e-01 2.322026973497536284e-01
-9.529058116232466347e+00 1.769082871668675727e-02 3.309641989764065123e-02 7.146267423295004084e-01 2.345860090561720790e-01
-9.468937875751503697e+00 1.677132240370307961e-02 3.171166000063426610e-02 7.144859482149692465e-01 2.370310693806933766e-01
-9.408817635270541047e+00 1.590153747475186313e-02 3.038193175033758464e-02 7.142572653715562048e-01 2.394592654033543544e-01
-9.348697394789578397e+00 1.506500656066431069e-02 2.909162716626311623e-02 7.139785562771836513e-01 2.418648099958887743e-01
-9.288577154308617523e+00 1.426140846447022069e-02 2.783956082688098660e-02 7.135198329464291778e-01 2.443791977622196410e-01
-9.228456913827656649e+00 1.349965014544036654e-02 2.662230881956235626e-02 7.130005308536492281e-01 2.468775101813479589e-01
-9.168336673346693999e+00 1.277063117997848107e-02 2.545535454898260191e-02 7.124770372488195003e-01 2.492969770222192849e-01
-9.108216432865731349e+00 1.207408026859756178e-02 2.432333007886936654e-02 7.117983911568595001e-01 2.518041984956737034e-01
-9.048096192384768699e+00 1.141349190743016530e-02 2.323919839628809866e-02 7.110313902657322549e-01 2.543159194305495419e-01
-8.987975951903807825e+00 1.078076795938767533e-02 2.218911617611265402e-02 7.102143856115309406e-01 2.568157302529686103e-01
-8.927855711422846952e+00 1.018505700408296397e-02 2.118060870217241404e-02 7.093529964217043515e-01 2.592813378720401629e-01
-8.867735470941884302e+00 9.614770778762894363e-03 2.020557330085601816e-02 7.084064662581494032e-01 2.617731896622317866e-01
-8.807615230460921651e+00 9.074226451019563183e-03 1.927572226268137873e-02 7.073372930759391775e-01 2.643127582103599327e-01
-8.747494989979959001e+00 8.560597185659235900e-03 1.837943259602444965e-02 7.062942570997833291e-01 2.667657131185330321e-01
-8.687374749498998128e+00 8.072551213341111129e-03 1.751995686079504261e-02 7.051088530200861904e-01 2.692986389057777097e-01
-8.627254509018037254e+00 7.611794573169500429e-03 1.669095586322519656e-02 7.039293432125068861e-01 2.717679063510983206e-01
-8.567134268537074604e+00 7.174405828504438684e-03 1.590441567673691117e-02 7.027377764729819676e-01 2.741834020217766565e-01
-8.507014028056111954e+00 6.762189526399318279e-03 1.514724902293332169e-02 7.014371100483397514e-01 2.766534514023276103e-01
-8.446893787575149304e+00 6.371477906769842763e-03 1.442392368507594211e-02 7.000993584593983021e-01 2.791052399487559676e-01
-8.386773547094188430e+00 6.002440615335166013e-03 1.373133178914674041e-02 6.987612092230245375e-01 2.815050183724935318e-01
-8.326653306613227556e+00 5.653166123712183994e-03 1.307115983437370441e-02 6.973658573619743173e-01 2.839098166799398082e-01
-8.266533066132264906e+00 5.324685761351134056e-03 1.244048693451731483e-02 6.959678741892401099e-01 2.862669531148913649e-01
-8.206412825651302256e+00 5.014014103298287256e-03 1.183764992338097802e-02 6.945400875981624367e-01 2.886082483751583050e-01
-8.146292585170341383e+00 4.720694617834741806e-03 1.126172981141765513e-02 6.930856391601141198e-01 2.909319364106335848e-01
-8.086172344689378733e+00 4.444966347109298617e-03 1.071070100742793976e-02 6.916171077577343285e-01 2.932272248877284548e-01
-8.026052104208417859e+00 4.185377271226764680e-03 1.019090857446835335e-02 6.901376353027516286e-01 2.954860788515533132e-01
-7.965931863727455209e+00 3.940887021526905815e-03 9.693280778923462487e-03 6.886221159241249223e-01 2.977437162754247302e-01
-7.905811623246493447e+00 3.710278604500472695e-03 9.220321233428731278e-03 6.871777008629953443e-01 2.998916992990755537e-01
-7.845691382765531685e+00 3.495065723601606042e-03 8.770227338901471353e-03 6.856241171352381869e-01 3.021105898022587999e-01
-7.785571142284569035e+00 3.291465719244779983e-03 8.341244646751020189e-03 6.841995833251809378e-01 3.041677063088232824e-01
-7.725450901803607273e+00 3.100824691575005017e-03 7.933625037098176666e-03 6.827654231834884291e-01 3.062001270878385029e-01
-7.665330661322645511e+00 2.922716407776103798e-03 7.548246845565259079e-03 6.812889621876846435e-01 3.082400745589740088e-01
-7.605210420841683749e+00 2.753129002092828941e-03 7.179256639049802838e-03 6.799262013778116787e-01 3.101414129810458054e-01
-7.545090180360721988e+00 2.595376181712470958e-03 6.829111125383497544e-03 6.785136195602249343e-01 3.120618931326791246e-01
-7.484969939879760226e+00 2.448299845428814764e-03 6.499234844931064785e-03 6.770879639276078388e-01 3.139645013820321351e-01
-7.424849699398797576e+00 2.309064691365561150e-03 6.185069447809234643e-03 6.757556403383824239e-01 3.157502255224427512e-01
-7.364729458917835814e+00 2.179272360089252580e-03 5.888239574736306263e-03 6.743854519160229488e-01 3.175470361491513627e-01
-7.304609218436874052e+00 2.056966138517593145e-03 5.604539072649456291e-03 6.730969953225139912e-01 3.192414994663188565e-01
-7.244488977955912290e+00 1.942955997653064443e-03 5.335072168513885736e-03 6.718768159744384905e-01 3.208451558593944930e-01
-7.184368737474950528e+00 1.835735180517048155e-03 5.081073137238810780e-03 6.706169074544667819e-01 3.224662842277772334e-01
-7.124248496993987878e+00 1.736145574851474284e-03 4.841690645721205728e-03 6.694875599766388907e-01 3.239346038027886010e-01
-7.064128256513026116e+00 1.642116196323199556e-03 4.612563747437670864e-03 6.683372247186595283e-01 3.254080953375796392e-01
-7.004008016032064354e+00 1.554541135992457091e-03 4.394728958936023992e-03 6.672916954263959921e-01 3.267590344786754919e-01
-6.943887775551102592e+00 1.472418740816700813e-03 4.191804864989923801e-03 6.662070895732293829e-01 3.281286868209639107e-01
-6.883767535070139942e+00 1.396390863665279876e-03 3.998298257456704349e-03 6.651937550796550580e-01 3.294115557992228216e-01
-6.823647294589179069e+00 1.324601485041068411e-03 3.814792066462589348e-03 6.642964926240784163e-01 3.305641138244180266e-01
-6.763527054108216419e+00 1.257250479849984955e-03 3.640977507556941457e-03 6.633730155418541274e-01 3.317287564707390168e-01
-6.703406813627255545e+00 1.194956434758039521e-03 3.477528037645799801e-03 6.625502616766182351e-01 3.327772538509780054e-01
-6.643286573146292895e+00 1.136245432413052333e-03 3.320648429962987785e-03 6.618470616761771286e-01 3.336960444614467947e-01
-6.583166332665330245e+00 1.081811021229224122e-03 3.173655678799375702e-03 6.611973230539349711e-01 3.345472102460363972e-01
-6.523046092184369371e+00 1.031012271639593402e-03 3.034962799218275317e-03 6.604770957474958015e-01 3.354569291816462129e-01
-6.462925851703406721e+00 9.832899988464255305e-04 2.902247679753813727e-03 6.599191479592503295e-01 3.361953143621493889e-01
-6.402805611222445847e+00 9.389873314902785458e-04 2.777702584847460340e-03 6.593554487349717608e-01 3.369278613486905716e-01
-6.342685370741483197e+00 8.978360815651383791e-04 2.659831365942202843e-03 6.589365293233603316e-01 3.375058032291324284e-01
-6.282565130260520547e+00 8.591895446891633509e-04 2.548369861076817903e-03 6.585363763187153108e-01 3.380560642755186529e-01
-6.222444889779559674e+00 8.232501971891943151e-04 2.442715700711479976e-03 6.581581243485609134e-01 3.385759097535384621e-01
-6.162324649298597024e+00 7.897340413777402621e-04 2.342787027425483580e-03 6.578894685939570275e-01 3.389780103372397879e-01
-6.102204408817636150e+00 7.586622140572668203e-04 2.247813070700677499e-03 6.577172225624852153e-01 3.392763021527567813e-01
-6.042084168336673500e+00 7.296762053389973905e-04 2.158194420194417019e-03 6.575731708615374371e-01 3.395389585129291454e-01
-5.981963927855712626e+00 7.028712794337402389e-04 2.073705893054068536e-03 6.574649880021300463e-01 3.397584348253821496e-01
-5.921843687374749976e+00 6.781069043811367540e-04 1.993566555581025631e-03 6.574482939832210215e-01 3.398800325568168135e-01
-5.861723446893787326e+00 6.549118956531459331e-04 1.917706592079318657e-03 6.574326658577985816e-01 3.399947156544688709e-01
-5.801603206412826452e+00 6.335926564701889604e-04 1.846040955260671960e-03 6.575566959111130982e-01 3.399636704771560880e-01
-5.741482965931863802e+00 6.139151960506298656e-04 1.778543637265253856e-03 6.576742387813894197e-01 3.399333023852947333e-01
-5.681362725450902929e+00 5.957266551855223535e-04 1.714101449906049474e-03 6.578994682554492046e-01 3.397907036394592906e-01
-5.621242484969940278e+00 5.791135259666801722e-04 1.653406056257207069e-03 6.581862746299204092e-01 3.395812057878556667e-01
-5.561122244488977628e+00 5.638139531960549957e-04 1.596205415960923104e-03 6.584484361481733883e-01 3.393915444826696159e-01
-5.501002004008016755e+00 5.497898990834662776e-04 1.541751224454068888e-03 6.588401721933004884e-01 3.390682866831619680e-01
-5.440881763527054105e+00 5.370748289506609499e-04 1.490384411100264270e-03 6.592466377414706313e-01 3.387259030184783803e-01
-5.380761523046093231e+00 5.256952951564577200e-04 1.441770865984392906e-03 6.597019175284406511e-01 3.383306163104184972e-01
-5.320641282565130581e+00 5.154217544223906175e-04 1.395811315138881410e-03 6.602111314809452347e-01 3.378776354494934520e-01
-5.260521042084167931e+00 5.062275630919842173e-04 1.352143846681072787e-03 6.608171285402867356e-01 3.373245000499402457e-01
-5.200400801603207057e+00 4.983532009035430326e-04 1.311150588330791712e-03 6.613361207423102961e-01 3.368543754684554248e-01
-5.140280561122244407e+00 4.912672196952635930e-04 1.272392200464995743e-03 6.619791990535238702e-01 3.362571415263158059e-01
-5.080160320641283533e+00 4.854471791322845426e-04 1.235715733075554114e-03 6.626346371450722028e-01 3.356441999427199341e-01
-5.020040080160320883e+00 4.804735599832726215e-04 1.200648525259423536e-03 6.633971278199823907e-01 3.349217500947749837e-01
-4.959919839679358233e+00 4.765474720788774707e-04 1.167714080059039294e-03 6.640807941251879454e-01 3.342749443226740169e-01
-4.899799599198397360e+00 4.737744271983402818e-04 1.137015329530920247e-03 6.648623057486419130e-01 3.335269044946287398e-01
-4.839679358717434710e+00 4.717480634639624622e-04 1.107723166897820345e-03 6.655647013047403249e-01 3.328558274648979465e-01
-4.779559118236473836e+00 4.707712198180005357e-04 1.079939924929193594e-03 6.664602146941461802e-01 3.319890741611065677e-01
-4.719438877755511186e+00 4.710387369127637868e-04 1.053821548288677405e-03 6.672827319963798853e-01 3.311924077184187354e-01
-4.659318637274550312e+00 4.720698375915751278e-04 1.029134143703519912e-03 6.681265711048882672e-01 3.303722249138165701e-01
-4.599198396793587662e+00 4.742907395503232035e-04 1.006113416107712625e-03 6.689973662633219575e-01 3.295222295810200097e-01
-4.539078156312625012e+00 4.774260035769691034e-04 9.844431007204126893e-04 6.699105388888063617e-01 3.286275920068961742e-01
-4.478957915831664138e+00 4.816892449505471392e-04 9.638986915354944831e-04 6.706900339119477028e-01 3.278643781515663824e-01
-4.418837675350701488e+00 4.871381938257361927e-04 9.446853078121247600e-04 6.715452022185939285e-01 3.270229742797682304e-01
-4.358717434869740615e+00 4.937709761366817227e-04 9.266390631360240130e-04 6.724306864889593172e-01 3.261489034717679480e-01
-4.298597194388777964e+00 5.015596967310994095e-04 9.097992055108977769e-04 6.733684974914790899e-01 3.252201436062788775e-01
-4.238476953907815314e+00 5.106929883415385835e-04 8.937817466480813206e-04 6.742041607906472667e-01 3.243913644743631752e-01
-4.178356713426854441e+00 5.210985342752016665e-04 8.787772033310034753e-04 6.750263337027013755e-01 3.235737905596924868e-01
-4.118236472945891791e+00 5.329745403755947178e-04 8.650707878215246069e-04 6.758342492832212223e-01 3.227677053885816827e-01
-4.058116232464930917e+00 5.465052240871124452e-04 8.523422667334935475e-04 6.767031070495292955e-01 3.218980454596501728e-01
-3.997995991983968267e+00 5.617130340275404768e-04 8.403027281952129158e-04 6.775248099546736791e-01 3.210731742831036128e-01
-3.937875751503005617e+00 5.783402998306485859e-04 8.292309111822729990e-04 6.782934840755433514e-01 3.202989447134436674e-01
-3.877755511022044743e+00 5.971608617289149044e-04 8.189284728890688491e-04 6.789982840801470632e-01 3.195856265852348721e-01
-3.817635270541082093e+00 6.179720939238624467e-04 8.097352254405202135e-04 6.796827414480678398e-01 3.188895512325677917e-01
-3.757515030060121219e+00 6.410508527551048077e-04 8.009068922064616980e-04 6.803421980019159765e-01 3.182158442531226039e-01
-3.697394789579158569e+00 6.664607027277461232e-04 7.929944742111119920e-04 6.810484710764979077e-01 3.174920737465632969e-01
-3.637274549098197696e+00 6.944016223427949006e-04 7.861348237226063653e-04 6.816004163193750687e-01 3.169190472345596032e-01
-3.577154308617235046e+00 7.254935861154128375e-04 7.796798960096783726e-04 6.820816041788234640e-01 3.164132223390515031e-01
-3.517034068136272396e+00 7.595095024632685923e-04 7.741019244508363234e-04 6.825986986703018733e-01 3.158676899027839657e-01
-3.456913827655311522e+00 7.970793546232063593e-04 7.691143766482971822e-04 6.830683679067811598e-01 3.153654383619473589e-01
-3.396793587174348872e+00 8.383793999878303912e-04 7.650104995078609591e-04 6.834283209049494268e-01 3.149682891955549180e-01
-3.336673346693387998e+00 8.835799831518410851e-04 7.613765313616436192e-04 6.837761204571094487e-01 3.145789230283770332e-01
-3.276553106212425348e+00 9.338588501064176359e-04 7.583001681499840088e-04 6.840480374054197510e-01 3.142598035763238262e-01
-3.216432865731462698e+00 9.885668345289081848e-04 7.560328459880048162e-04 6.841927071821226614e-01 3.140626931373605157e-01
-3.156312625250501824e+00 1.049107796139042139e-03 7.542261298072287529e-04 6.844185206866952864e-01 3.137781453873584869e-01
-3.096192384769539174e+00 1.115855294220129395e-03 7.531996367654293081e-04 6.844474051246762780e-01 3.136835399443382855e-01
-3.036072144288578301e+00 1.189353670959679074e-03 7.525397882773195981e-04 6.843937070447523308e-01 3.136643994960107706e-01
-2.975951903807615651e+00 1.270363459946292472e-03 7.527262767461095384e-04 6.842912683056637801e-01 3.136856419576438681e-01
-2.915831663326653000e+00 1.359957512045153420e-03 7.534286417614674243e-04 6.841059589832807486e-01 3.137806548629125114e-01
-2.855711422845692127e+00 1.458853441271153488e-03 7.547399474603706153e-04 6.838780587359941654e-01 3.139083478752742740e-01
-2.795591182364729477e+00 1.567701724329440081e-03 7.566084697042234092e-04 6.835691849475693527e-01 3.141065048583969732e-01
-2.735470941883768603e+00 1.688078771176872552e-03 7.587439534597230492e-04 6.831407913074147853e-01 3.144123859679485711e-01
-2.675350701402805953e+00 1.821548919487430730e-03 7.620147023312984647e-04 6.825708193810161584e-01 3.148456169971651786e-01
-2.615230460921843303e+00 1.969121538533808152e-03 7.654600144758359282e-04 6.819377724125385010e-01 3.153276460344518473e-01
-2.555110220440882429e+00 2.132575198478819586e-03 7.693700353956365234e-04 6.812078549518967296e-01 3.158901998142287226e-01
-2.494989979959919779e+00 2.312947143606775870e-03 7.739024557217230853e-04 6.804682851917508435e-01 3.164448652089205671e-01
-2.434869739478958905e+00 2.514600488874153047e-03 7.791769095480470357e-04 6.794377129092022960e-01 3.172685096923756332e-01
-2.374749498997996255e+00 2.737758994168870783e-03 7.848845899739462315e-04 6.785210382048904032e-01 3.179563182109668151e-01
-2.314629258517035382e+00 2.984570944167796221e-03 7.911112409112316599e-04 6.774050256864604380e-01 3.188192921284605519e-01
-2.254509018036072732e+00 3.259811312901171165e-03 7.980264711392906322e-04 6.760980039786597118e-01 3.198441582372998360e-01
-2.194388777555110082e+00 3.566139362127728699e-03 8.053518195882572277e-04 6.747457358063392308e-01 3.208827730119448440e-01
-2.134268537074149208e+00 3.905509737360210367e-03 8.128945540035142740e-04 6.733164516361821450e-01 3.219651440724540792e-01
-2.074148296593186558e+00 4.284251938744983862e-03 8.213419888804976247e-04 6.717310123687493251e-01 3.231633937036251236e-01
-2.014028056112225684e+00 4.705182316501123514e-03 8.301189664239936976e-04 6.699825522867606242e-01 3.244821464303143665e-01
-1.953907815631263034e+00 5.173298250671759177e-03 8.393823283417314700e-04 6.681574707398709734e-01 3.258298486811155303e-01
-1.893787575150300384e+00 5.696300844362005289e-03 8.492371584217200519e-04 6.661557165459249807e-01 3.272987454512912286e-01
-1.833667334669339510e+00 6.277177220473339342e-03 8.596087588158479254e-04 6.640833125822821481e-01 3.287799014384286678e-01
-1.773547094188376860e+00 6.924563248383188915e-03 8.705318128043042399e-04 6.617672026650245343e-01 3.304377022737879921e-01
-1.713426853707415987e+00 7.644663966126827304e-03 8.818312630025687462e-04 6.594069727167363171e-01 3.320665320541341115e-01
-1.653306613226453337e+00 8.447704475845509153e-03 8.937601955239242620e-04 6.568054320526033329e-01 3.338531032760272965e-01
-1.593186372745490686e+00 9.343236628055908918e-03 9.060192271898942712e-04 6.541767028134377604e-01 3.355740413313165194e-01
-1.533066132264529813e+00 1.033559277193556170e-02 9.184857180379620142e-04 6.513255244872490080e-01 3.374203970227775407e-01
-1.472945891783567163e+00 1.144320888445523460e-02 9.314571785416083738e-04 6.483572460797655257e-01 3.392680878572376102e-01
-1.412825651302606289e+00 1.267783879014636877e-02 9.451709155163627585e-04 6.451170827856353984e-01 3.412599075087018874e-01
-1.352705410821643639e+00 1.404603369076982446e-02 9.586183634950263448e-04 6.418030414968384223e-01 3.431923064488967556e-01
-1.292585170340682765e+00 1.556227040015776934e-02 9.726664642348744607e-04 6.383193359313755755e-01 3.451457272042317559e-01
-1.232464929859720115e+00 1.725039943385139884e-02 9.871387938037755674e-04 6.345146082322656866e-01 3.472478535400790878e-01
-1.172344689378757465e+00 1.911575685409159370e-02 1.001525717344637755e-03 6.306652261950286276e-01 3.492174912335350712e-01
-1.112224448897796591e+00 2.119214419702538515e-02 1.016576737515321321e-03 6.266240296682935584e-01 3.511672493971657039e-01
-1.052104208416833941e+00 2.347505690512253704e-02 1.031815635898764147e-03 6.222720114264252977e-01 3.532211160325532950e-01
-9.919839679358730677e-01 2.600461546438646854e-02 1.046714365678439373e-03 6.177648022260020522e-01 3.551838679439331403e-01
-9.318637274549104177e-01 2.879202226414439084e-02 1.062232963785190521e-03 6.130005105335204485e-01 3.571452342385499357e-01
-8.717434869739477676e-01 3.186871094366832552e-02 1.077247080280453653e-03 6.080607099940230631e-01 3.589933319820282076e-01
-8.116232464929868939e-01 3.523367979402947797e-02 1.092416978048883769e-03 6.028544942708045085e-01 3.608194089571171714e-01
-7.515030060120242439e-01 3.893108417788801456e-02 1.107689248444073717e-03 5.974519024980450288e-01 3.625093240756228630e-01
-6.913827655310633702e-01 4.297934769122161575e-02 1.122249021414001725e-03 5.917468574915304425e-01 3.641515457958338642e-01
-6.312625250501007201e-01 4.739798876859643850e-02 1.136935599065916607e-03 5.859060184255125980e-01 3.655590572068250221e-01
-5.711422845691380701e-01 5.221629671071254669e-02 1.151444843571517492e-03 5.796641125373661607e-01 3.669681459083498076e-01
-5.110220440881771964e-01 5.744034876123056688e-02 1.165423387895732528e-03 5.732744487163389246e-01 3.681197791345347525e-01
-4.509018036072145463e-01 6.311270460325107967e-02 1.178653954750912653e-03 5.665213127607267030e-01 3.691873286812714650e-01
-3.907815631262536726e-01 6.923378713179764721e-02 1.191616613384181280e-03 5.595320266216482485e-01 3.700425696331700043e-01
-3.306613226452910226e-01 7.580933045906705636e-02 1.204052745121172822e-03 5.523073889890572907e-01 3.706792278067546076e-01
-2.705410821643283725e-01 8.289136866720964170e-02 1.215077156601443139e-03 5.448737706213671039e-01 3.710197835548217915e-01
-2.104208416833674988e-01 9.044344416806437970e-02 1.225823717284394874e-03 5.371273482590585013e-01 3.712033838555927612e-01
-1.503006012024048488e-01 9.847588097650313010e-02 1.235556784179259356e-03 5.291367670062265827e-01 3.711517952330909975e-01
-9.018036072144397508e-02 1.070285929579052608e-01 1.244261123813968171e-03 5.209093054050669691e-01 3.708178405132137589e-01
-3.006012024048132503e-02 1.160561462441905695e-01 1.251883715327226348e-03 5.124621426758122489e-01 3.702298273646699167e-01
3.006012024047954867e-02 1.255732870174469107e-01 1.258595649408150892e-03 5.037834914826934130e-01 3.693846258504515645e-01
9.018036072144219872e-02 1.355283807373385829e-01 1.264006407507495440e-03 4.950076968368501973e-01 3.681999160183038189e-01
1.503006012024048488e-01 1.459644223628872306e-01 1.268652187891780797e-03 4.860246877335424043e-01 3.667422377156785429e-01
2.104208416833657225e-01 1.567397966130109344e-01 1.271810862241986965e-03 4.768875887859121976e-01 3.651008037388349670e-01
2.705410821643283725e-01 1.679320273155139875e-01 1.273602322811470027e-03 4.676358409679177153e-01 3.631585293937568681e-01
3.306613226452892462e-01 1.794087424955414234e-01 1.274649686838336083e-03 4.583467887730660051e-01 3.609698190445542187e-01
3.907815631262518963e-01 1.912374871046531033e-01 1.274282423363493197e-03 4.490523295618566446e-01 3.584359009101266702e-01
4.509018036072145463e-01 2.032845293616485083e-01 1.273050998510318445e-03 4.397248616503890428e-01 3.557175579894521489e-01
5.110220440881754200e-01 2.154470944672600696e-01 1.270317103331273416e-03 4.304021706124457336e-01 3.528804178169629990e-01
5.711422845691380701e-01 2.277848671884120935e-01 1.267247290982073064e-03 4.211466782775237228e-01 3.498012072430820574e-01
6.312625250500989438e-01 2.401009406151611569e-01 1.262720752845372576e-03 4.120951376535312294e-01 3.465412009784623049e-01
6.913827655310615938e-01 2.524914939757855192e-01 1.257748006620374110e-03 4.030503261101689993e-01 3.432004319074251630e-01
7.515030060120242439e-01 2.647250470070139361e-01 1.251477058796819164e-03 3.943085250777310091e-01 3.397149508564582532e-01
8.116232464929851176e-01 2.768833121381448770e-01 1.245067301388006007e-03 3.856796773326533478e-01 3.361919432278136499e-01
8.717434869739477676e-01 2.887991898031145310e-01 1.238269389793026157e-03 3.773842517257717799e-01 3.325782890813205883e-01
9.318637274549086413e-01 3.004987539812203901e-01 1.230986508537224152e-03 3.692548440587843372e-01 3.290154154514580709e-01
9.919839679358712914e-01 3.118563731278750639e-01 1.223312393299076954e-03 3.614821888937512773e-01 3.254381255850745669e-01
1.052104208416832165e+00 3.228421688374458198e-01 1.215179133712742093e-03 3.540872985160596897e-01 3.218553535127818277e-01
1.112224448897794815e+00 3.333664429940483842e-01 1.207462740208450165e-03 3.470337234158714645e-01 3.183923708498717087e-01
1.172344689378757465e+00 3.433382174617741756e-01 1.199607640570421246e-03 3.403411424047884104e-01 3.151210324928669926e-01
1.232464929859720115e+00 3.529546533426440313e-01 1.191601502064190384e-03 3.340228536872907328e-01 3.118308914680010258e-01
1.292585170340679213e+00 3.619139364422557792e-01 1.184074607882931512e-03 3.281528767449774509e-01 3.087491122048838244e-01
1.352705410821641863e+00 3.702705302893697925e-01 1.177140835243336865e-03 3.226721501567778039e-01 3.058801787186089527e-01
1.412825651302604513e+00 3.779811897694787537e-01 1.170407874988615678e-03 3.176917181488712605e-01 3.031566842066613088e-01
1.472945891783567163e+00 3.851023613256190359e-01 1.164298031407882614e-03 3.130936838756885332e-01 3.006396567672844911e-01
1.533066132264529813e+00 3.914263470187523963e-01 1.158712589928976439e-03 3.090089500103419540e-01 2.984059903809766490e-01
1.593186372745488910e+00 3.970785665883896365e-01 1.153949716870089799e-03 3.054358416173229007e-01 2.963316420774174120e-01
1.653306613226451560e+00 4.020589082702866190e-01 1.149684454702369282e-03 3.022414338826311386e-01 2.945499733923797603e-01
1.713426853707414210e+00 4.062585140854694243e-01 1.146548513338379238e-03 2.995853665484417006e-01 2.930095708527506448e-01
1.773547094188376860e+00 4.097247425219622263e-01 1.144159641354276823e-03 2.973535894984570271e-01 2.917775083382265211e-01
1.833667334669339510e+00 4.124187009511187108e-01 1.142382626480158495e-03 2.956744154534823310e-01 2.907645009689187598e-01
1.893787575150298608e+00 4.143138646324081020e-01 1.141616458105863168e-03 2.944041840582838909e-01 2.901403348512022751e-01
1.953907815631261258e+00 4.154494491419282176e-01 1.142041274925490032e-03 2.936483486554647970e-01 2.897601609276814760e-01
2.014028056112223908e+00 4.157497788929614413e-01 1.143062740717492145e-03 2.934307465642254642e-01 2.896764118020955237e-01
2.074148296593186558e+00 4.153832977256534664e-01 1.145326299012245632e-03 2.936309991109715134e-01 2.898403768643627587e-01
2.134268537074149208e+00 4.141610857176697968e-01 1.148294934399346316e-03 2.943606796165670336e-01 2.903299397313636732e-01
2.194388777555108305e+00 4.121912561566560274e-01 1.152380008471419037e-03 2.956071710463535895e-01 2.910491927885188734e-01
2.254509018036070955e+00 4.094541299703657322e-01 1.157569741552405855e-03 2.972529073120910303e-01 2.921353929759908374e-01
2.314629258517033605e+00 4.059473551694556259e-01 1.163473655985775403e-03 2.994338252998857142e-01 2.934553458746729793e-01
2.374749498997996255e+00 4.016060128627486070e-01 1.170378780411474072e-03 3.021361414972369985e-01 2.950874668596029649e-01
2.434869739478958905e+00 3.966535683579734406e-01 1.178063990603101961e-03 3.052643093457573231e-01 2.969040583056661298e-01
2.494989979959918003e+00 3.908898540369074581e-01 1.186871583734188523e-03 3.088821051330091216e-01 2.990411692463492144e-01
2.555110220440880653e+00 3.843888733416740977e-01 1.196238399498167262e-03 3.130716095743821259e-01 3.013432786844457145e-01
2.615230460921843303e+00 3.772338584768538672e-01 1.206132559819668437e-03 3.176423050727411046e-01 3.039177038905853667e-01
2.675350701402805953e+00 3.694327389626435587e-01 1.216968974576619188e-03 3.226680993420422139e-01 3.066821927207377119e-01
2.735470941883768603e+00 3.610096335366616005e-01 1.228726133715883498e-03 3.281425766595955640e-01 3.096190636700270060e-01
2.795591182364727700e+00 3.519443047368116528e-01 1.240325779949218729e-03 3.341026121238706015e-01 3.127127573593685428e-01
2.855711422845690350e+00 3.423327503120152104e-01 1.253009824260570629e-03 3.404243440877547378e-01 3.159898957759694205e-01
2.915831663326653000e+00 3.322763153526136493e-01 1.265860672333735506e-03 3.471854653593369200e-01 3.192723586157156235e-01
2.975951903807615651e+00 3.215487191215591345e-01 1.278582639597097403e-03 3.544098747593097953e-01 3.227628234795338891e-01
3.036072144288574748e+00 3.105272680730968848e-01 1.291621013238828178e-03 3.619102997233901720e-01 3.262708111902740127e-01
3.096192384769537398e+00 2.990436649527455915e-01 1.304773017624357009e-03 3.698564643754576609e-01 3.297950976541723644e-01
3.156312625250500048e+00 2.873429402594365190e-01 1.318031567392115170e-03 3.779945689721735391e-01 3.333444592009979224e-01
3.216432865731462698e+00 2.752590830095092422e-01 1.330929763194501096e-03 3.865703400234827836e-01 3.368396472038135969e-01
3.276553106212425348e+00 2.630520486931347546e-01 1.343022837921746884e-03 3.953936560920816023e-01 3.402112723768617175e-01
3.336673346693384445e+00 2.507094550902932983e-01 1.355174136303913908e-03 4.043767001898739832e-01 3.435586705835288468e-01
3.396793587174347095e+00 2.382619183479477709e-01 1.366699837399249634e-03 4.136198051750519245e-01 3.467515766396011001e-01
3.456913827655309746e+00 2.258571680138247162e-01 1.377127398385457778e-03 4.230455117614225768e-01 3.497201928263671822e-01
3.517034068136272396e+00 2.134588876611877017e-01 1.387416136324831455e-03 4.325802066934864021e-01 3.525734895090010812e-01
3.577154308617235046e+00 2.011631343877475220e-01 1.397103279793612341e-03 4.421877027824198114e-01 3.552520595500389677e-01
3.637274549098194143e+00 1.890958407484030213e-01 1.404836449335828547e-03 4.518311686000408001e-01 3.576681542022203120e-01
3.697394789579156793e+00 1.772426215141035266e-01 1.412506508792496854e-03 4.615793487071648826e-01 3.597655232699391026e-01
3.757515030060119443e+00 1.656964655021244681e-01 1.418701913233123314e-03 4.713081177595528359e-01 3.615767148250894625e-01
3.817635270541082093e+00 1.544937730712914181e-01 1.423984169836629669e-03 4.809196795355417109e-01 3.631625632233302925e-01
3.877755511022044743e+00 1.436311954751897935e-01 1.427902810987578082e-03 4.904223315606497380e-01 3.645185701531729605e-01
3.937875751503003841e+00 1.332133123390153162e-01 1.431088148778765848e-03 4.999764137241582418e-01 3.653791857880475669e-01
3.997995991983966491e+00 1.232582494176479582e-01 1.432687193443937280e-03 5.092941392184212601e-01 3.660149241704868661e-01
