# Y X a0 a1 a2 a3
0.000000000000000000e+00 -1.000000000000000000e+00 1.445456418431508884e-02 1.243086090491793416e-01 6.865254798173792139e-01 1.747113469491262672e-01
0.000000000000000000e+00 -9.859719438877755371e-01 1.470129702721785850e-02 1.250050960085517249e-01 6.852183158208938751e-01 1.750752911433366421e-01
0.000000000000000000e+00 -9.719438877755510742e-01 1.494497802012155485e-02 1.257752607668292388e-01 6.838779136684224325e-01 1.754018475446267322e-01
3.867616328634674305e-01 -9.579158316633266113e-01 1.520036462419183110e-02 1.264724465080572235e-01 6.824498193422876557e-01 1.758773695254632341e-01
0.000000000000000000e+00 -9.438877755511021483e-01 1.548332260727515106e-02 1.273524966409577686e-01 6.807898350611075733e-01 1.763743456906596285e-01
0.000000000000000000e+00 -9.298597194388777964e-01 1.574282585062506540e-02 1.280123599062434336e-01 6.794757582869594970e-01 1.767690559561719277e-01
0.000000000000000000e+00 -9.158316633266533335e-01 1.602501670423516975e-02 1.290183479642312558e-01 6.777099115313141020e-01 1.772467238002194412e-01
1.520293686445143289e+00 -9.018036072144288706e-01 1.631343041257983170e-02 1.297727999257978215e-01 6.760712362453529245e-01 1.778425334162694882e-01
2.326457083126067360e+00 -8.877755511022044077e-01 1.659334375631639838e-02 1.305758441795406011e-01 6.743895915014948006e-01 1.784412205626481895e-01
0.000000000000000000e+00 -8.737474949899799448e-01 1.692666831177344275e-02 1.315784839054734701e-01 6.725015743220422726e-01 1.789932734607107279e-01
0.000000000000000000e+00 -8.597194388777554819e-01 1.721608583110512472e-02 1.324668090681865862e-01 6.708065074564392161e-01 1.795105976442689100e-01
3.103745175436515430e-02 -8.456913827655310190e-01 1.754634138536404278e-02 1.334488918827266279e-01 6.688260313994911499e-01 1.801787353324182384e-01
0.000000000000000000e+00 -8.316633266533066671e-01 1.787744359065941355e-02 1.344048614382785667e-01 6.669208218988006420e-01 1.807968730722613881e-01
2.033813164703544452e+00 -8.176352705410820931e-01 1.822643600251114965e-02 1.353555761639010091e-01 6.647985396545461612e-01 1.816194481790415760e-01
0.000000000000000000e+00 -8.036072144288577412e-01 1.857360338222962745e-02 1.363525298158460020e-01 6.629065890398470051e-01 1.821672777620773898e-01
6.783836732874515274e-01 -7.895791583166332783e-01 1.894219522370005696e-02 1.375119915538003390e-01 6.605794085656834236e-01 1.829664046568162672e-01
0.000000000000000000e+00 -7.755511022044088154e-01 1.931653525577865446e-02 1.385323577149805696e-01 6.584133972492547393e-01 1.837377097799860470e-01
1.929794001652468172e+00 -7.615230460921843525e-01 1.969545527315454125e-02 1.394941832061212528e-01 6.563536014783745154e-01 1.844567600423496767e-01
0.000000000000000000e+00 -7.474949899799598896e-01 2.008958640720111266e-02 1.406023193052431675e-01 6.539914709361106526e-01 1.853166233514451089e-01
0.000000000000000000e+00 -7.334669338677355377e-01 2.050315350090309297e-02 1.417355189275468774e-01 6.517137440140691185e-01 1.860475835574808556e-01
2.397178208323287762e+00 -7.194388777555109638e-01 2.092530816704394822e-02 1.428794355511074643e-01 6.493361361307815605e-01 1.868591201510670929e-01
0.000000000000000000e+00 -7.054108216432866119e-01 2.133797415429038169e-02 1.439955382320848298e-01 6.469435408632895346e-01 1.877229467503352123e-01
1.589805006157847256e+00 -6.913827655310621489e-01 2.178796642889807220e-02 1.452871103029916844e-01 6.442752824049803317e-01 1.886496408631298805e-01
0.000000000000000000e+00 -6.773547094188376860e-01 2.223626170394520096e-02 1.464766040767840061e-01 6.418282600882725397e-01 1.894588741309983226e-01
0.000000000000000000e+00 -6.633266533066132231e-01 2.269907097132057780e-02 1.477088570312795890e-01 6.391402562702613865e-01 1.904518157271384293e-01
1.736233074094597706e+00 -6.492985971943887602e-01 2.318233586340279206e-02 1.490583673056256053e-01 6.363034527771914695e-01 1.914558440537801332e-01
2.331399711227013505e+00 -6.352705410821642973e-01 2.367118383807931270e-02 1.503898282399443176e-01 6.335642445133223832e-01 1.923747434086540420e-01
0.000000000000000000e+00 -6.212424849699398344e-01 2.417693785697900069e-02 1.516653417873189136e-01 6.309020733105863421e-01 1.932556470451157749e-01
0.000000000000000000e+00 -6.072144288577154825e-01 2.471476214142059522e-02 1.529583526113853509e-01 6.279478461955146917e-01 1.943790390516793309e-01
1.139234703713363883e+00 -5.931863727454909085e-01 2.521234025288852931e-02 1.543428139275113131e-01 6.250874466817166741e-01 1.953573991378835251e-01
0.000000000000000000e+00 -5.791583166332665567e-01 2.577370155525642026e-02 1.555659325746600319e-01 6.222805519711542832e-01 1.963798138989291675e-01
0.000000000000000000e+00 -5.651302605210420937e-01 2.634252440800509062e-02 1.571296069721108690e-01 6.192069311827822498e-01 1.973209374371019120e-01
2.881307264552379066e-01 -5.511022044088176308e-01 2.690982948292200763e-02 1.586291951097724973e-01 6.159009817114721175e-01 1.985599936958334089e-01
0.000000000000000000e+00 -5.370741482965931679e-01 2.749632892841876938e-02 1.601098808812051189e-01 6.127821012099231579e-01 1.996116889804529781e-01
0.000000000000000000e+00 -5.230460921843687050e-01 2.809398794496267490e-02 1.614854191651201587e-01 6.097414532333176318e-01 2.006791396565995034e-01
0.000000000000000000e+00 -5.090180360721443531e-01 2.872411393412357267e-02 1.629239370901046646e-01 6.064195221121304602e-01 2.019324268636413511e-01
0.000000000000000000e+00 -4.949899799599197792e-01 2.934716936657197350e-02 1.645513342589527972e-01 6.032018568870175512e-01 2.028996394874576226e-01
5.763014085674598164e-01 -4.809619238476954273e-01 3.001815985044795076e-02 1.661083048000106255e-01 5.995800823884346320e-01 2.042934529611068750e-01
9.742619986271466859e-01 -4.669338677354709644e-01 3.068593949232946427e-02 1.677109153629466609e-01 5.962791106274658581e-01 2.053240345172580306e-01
2.463553802080919120e+00 -4.529058116232465014e-01 3.138002954235602493e-02 1.692908227327510895e-01 5.928692523043893603e-01 2.064598954205034975e-01
0.000000000000000000e+00 -4.388777555110220385e-01 3.206937939030046758e-02 1.709760638763867246e-01 5.891913786974735112e-01 2.077631780358393243e-01
2.384913083324001093e+00 -4.248496993987975756e-01 3.281171957481118784e-02 1.724879954592974662e-01 5.857686735181764082e-01 2.089316114477149655e-01
0.000000000000000000e+00 -4.108216432865731127e-01 3.356243155808776718e-02 1.743078899734214482e-01 5.818126293589238607e-01 2.103170491095668615e-01
0.000000000000000000e+00 -3.967935871743486498e-01 3.429427054329553526e-02 1.759303991867740280e-01 5.784498315801689383e-01 2.113254986897614707e-01
1.765983268522226757e+00 -3.827655310621242979e-01 3.507471522274265702e-02 1.776204976001872493e-01 5.745308532444920457e-01 2.127739339325781243e-01
0.000000000000000000e+00 -3.687374749498998350e-01 3.588051667281835083e-02 1.794921320525675601e-01 5.706148567344273559e-01 2.140124945401866707e-01
0.000000000000000000e+00 -3.547094188376753721e-01 3.668424278768959296e-02 1.812285399240928518e-01 5.668179238546163790e-01 2.152692934336012665e-01
0.000000000000000000e+00 -3.406813627254509091e-01 3.750341348477127801e-02 1.828905004876739127e-01 5.630606792917137726e-01 2.165454067358411339e-01
1.417938334574973647e+00 -3.266533066132264462e-01 3.836377267073658170e-02 1.847835471622102377e-01 5.589200647594213534e-01 2.179326154076318411e-01
2.730765869558274272e-01 -3.126252505010019833e-01 3.924045512212952225e-02 1.865453307656136650e-01 5.548966251260613047e-01 2.193175889861954386e-01
0.000000000000000000e+00 -2.985971943887775204e-01 4.011893117986210788e-02 1.883686731208958631e-01 5.509952348668818445e-01 2.205171608323601706e-01
1.801987072754409169e+00 -2.845691382765530575e-01 4.105844290746305664e-02 1.903579503480447577e-01 5.469512382178519649e-01 2.216323685266403387e-01
0.000000000000000000e+00 -2.705410821643285946e-01 4.198316285988043517e-02 1.922960074485756399e-01 5.426086881593601419e-01 2.231121415321838108e-01
0.000000000000000000e+00 -2.565130260521042427e-01 4.290240125035454932e-02 1.940761774426673913e-01 5.385421442684666937e-01 2.244792770385112823e-01
1.484720460844509482e+00 -2.424849699398797798e-01 4.387173872561622723e-02 1.959514806406152387e-01 5.343094617657051515e-01 2.258673188680633270e-01
0.000000000000000000e+00 -2.284569138276553169e-01 4.489863466177894391e-02 1.979437041900474759e-01 5.299548812471799319e-01 2.272027799009936067e-01
2.424826069296909026e+00 -2.144288577154308539e-01 4.587323184971687368e-02 1.999403575604517258e-01 5.258137826065437670e-01 2.283726279832877515e-01
2.273965118669688756e+00 -2.004008016032063910e-01 4.693206532965227967e-02 2.018613519829226544e-01 5.213439547043041689e-01 2.298626279831208485e-01
0.000000000000000000e+00 -1.863727454909819281e-01 4.798475196848572127e-02 2.037207011667899192e-01 5.172891018540775043e-01 2.310054450106467927e-01
0.000000000000000000e+00 -1.723446893787574652e-01 4.902127019361402632e-02 2.057735890043772831e-01 5.128186863492766312e-01 2.323864544527320664e-01
1.535258319332945209e+00 -1.583166332665331133e-01 5.017715796451206745e-02 2.077936067974481549e-01 5.082263633337408271e-01 2.338028719042989367e-01
7.569983922303126223e-01 -1.442885771543086504e-01 5.131361717116083437e-02 2.099057628287278043e-01 5.035061958225389711e-01 2.352744241775724110e-01
1.125606788822949289e+00 -1.302605210420841875e-01 5.241677798892827034e-02 2.119515589414093792e-01 4.991777275551413928e-01 2.364539355145208466e-01
0.000000000000000000e+00 -1.162324649298597246e-01 5.358960318104272202e-02 2.138901629485748246e-01 4.946832503658009084e-01 2.378369835045816283e-01
0.000000000000000000e+00 -1.022044088176352616e-01 5.475369374787276283e-02 2.161023012781348451e-01 4.899361636539803500e-01 2.392078413200120490e-01
2.076922519496813724e+00 -8.817635270541079873e-02 5.603408085248696296e-02 2.181865323750297181e-01 4.853230556099922821e-01 2.404563311624910715e-01
0.000000000000000000e+00 -7.414829659318633581e-02 5.720816597524273212e-02 2.203472977970168667e-01 4.806390154489430522e-01 2.418055207787973837e-01
0.000000000000000000e+00 -6.012024048096187290e-02 5.851138456203606314e-02 2.223316168456981323e-01 4.760146121586575352e-01 2.431423864336080820e-01
1.401098243596208714e+00 -4.609218436873740998e-02 5.974840582473572165e-02 2.245914659853066042e-01 4.710689399404209277e-01 2.445911882495367951e-01
2.084145283832957996e-01 -3.206412825651305809e-02 6.105378743142715614e-02 2.267242556902351047e-01 4.664538322547925886e-01 2.457681246235450812e-01
0.000000000000000000e+00 -1.803607214428859518e-02 6.237914222566669220e-02 2.286806214982363139e-01 4.618939867497038332e-01 2.470462495263932856e-01
0.000000000000000000e+00 -4.008016032064132261e-03 6.372941919156603630e-02 2.308938864917942646e-01 4.570340731492801845e-01 2.483426211673594730e-01
0.000000000000000000e+00 1.002004008016044168e-02 6.505986642547885446e-02 2.330917629749974518e-01 4.524204561889041409e-01 2.494279144106196500e-01
0.000000000000000000e+00 2.404809619238479357e-02 6.650777734563013965e-02 2.352686702532399421e-01 4.474314029010721394e-01 2.507921495000577372e-01
2.869897894172917852e+00 3.807615230460914546e-02 6.786447879971702069e-02 2.374892271053187232e-01 4.425537952926593688e-01 2.520924988023048874e-01
3.488878713638793982e+00 5.210420841683371940e-02 6.934046791471681903e-02 2.394695495695013665e-01 4.378241637884381365e-01 2.533658187273435392e-01
1.599031212770050780e+00 6.613226452905807129e-02 7.074373018376006739e-02 2.417815143514046305e-01 4.329995204885558335e-01 2.544752349762794408e-01
3.413624782108874989e+00 8.016032064128264523e-02 7.224322627506296612e-02 2.440847425151251304e-01 4.280079331088319505e-01 2.556640981009799529e-01
0.000000000000000000e+00 9.418837675350699712e-02 7.371806116421869559e-02 2.461884665530340022e-01 4.233086356763113289e-01 2.567848366064360843e-01
0.000000000000000000e+00 1.082164328657315711e-01 7.521527945947183158e-02 2.484561535410489963e-01 4.184241644065831989e-01 2.579044025928959316e-01
3.288603922100730159e+00 1.222444889779559229e-01 7.676001831231984984e-02 2.505391240939419673e-01 4.134912822266224586e-01 2.592095753671157521e-01
0.000000000000000000e+00 1.362725450901802748e-01 7.830823175037965322e-02 2.528212702926042055e-01 4.086163093861977513e-01 2.602541885708184455e-01
1.667217973451809776e+00 1.503006012024048488e-01 7.981435435399063250e-02 2.548636528517686517e-01 4.039403546993639016e-01 2.613816380948768558e-01
2.982767737492475479e+00 1.643286573146292007e-01 8.148258413140181677e-02 2.570998381367528562e-01 3.990092838752446469e-01 2.624082938566006939e-01
0.000000000000000000e+00 1.783567134268537746e-01 8.308190421255201574e-02 2.591970505160041682e-01 3.941442970472818774e-01 2.635767482241619386e-01
0.000000000000000000e+00 1.923847695390781265e-01 8.470297730061035479e-02 2.615629689207802921e-01 3.890763802654539916e-01 2.646576735131555003e-01
2.810448421304910571e+00 2.064128256513027004e-01 8.635527353584090959e-02 2.638392751626528754e-01 3.842915027348391965e-01 2.655139485666669352e-01
3.031206301911647749e+00 2.204408817635270523e-01 8.803957390411122630e-02 2.657887957662686818e-01 3.796281128838522312e-01 2.665435174457679302e-01
2.304786775321670422e+00 2.344689378757514042e-01 8.968199426029993537e-02 2.681844022422891216e-01 3.748005916634697954e-01 2.673330118339410921e-01
0.000000000000000000e+00 2.484969939879759782e-01 9.136334848236875306e-02 2.702365321819332200e-01 3.699906978340750663e-01 2.684094215016229468e-01
0.000000000000000000e+00 2.625250501002003300e-01 9.307476298704715767e-02 2.725996522368918651e-01 3.648881359914105671e-01 2.694374487846504240e-01
2.758559997658789786e+00 2.765531062124249040e-01 9.485270711850841974e-02 2.745946261817482914e-01 3.603049632829246618e-01 2.702477034168186409e-01
0.000000000000000000e+00 2.905811623246492559e-01 9.652583494402584841e-02 2.769385724283504602e-01 3.553702537341871248e-01 2.711653388934366360e-01
2.941122902310770115e+00 3.046092184368738298e-01 9.828260033999483558e-02 2.791299198910159873e-01 3.507414478008278325e-01 2.718460319681613169e-01
0.000000000000000000e+00 3.186372745490981817e-01 1.000258561976893196e-01 2.811558370120431638e-01 3.460515078240286035e-01 2.727667989662388992e-01
0.000000000000000000e+00 3.326653306613227556e-01 1.018712539320731358e-01 2.832746499845087973e-01 3.413654229808686935e-01 2.734886731025494289e-01
3.294051388267301039e+00 3.466933867735471075e-01 1.036165574693827113e-01 2.855167811838660308e-01 3.366180515494626158e-01 2.742486097972886006e-01
2.580493278641299959e+00 3.607214428857714594e-01 1.054540295041783426e-01 2.875760671068102736e-01 3.320652863181348113e-01 2.749046170708766557e-01
0.000000000000000000e+00 3.747494989979960334e-01 1.072822645267533931e-01 2.897596717558003632e-01 3.273322852803924321e-01 2.756257784370539365e-01
3.021049811399951213e-01 3.887775551102203853e-01 1.089903110509320011e-01 2.917461494001465927e-01 3.228750395930447548e-01 2.763884999558766653e-01
7.632096448248244513e-01 4.028056112224449592e-01 1.109199385062712845e-01 2.939376398526450940e-01 3.182347770088200245e-01 2.769076446322635277e-01
0.000000000000000000e+00 4.168336673346693111e-01 1.127233815426823132e-01 2.962121490598721985e-01 3.136184603529816872e-01 2.774460090444637594e-01
0.000000000000000000e+00 4.308617234468938850e-01 1.145205800039375971e-01 2.982696769631348332e-01 3.090101709904564120e-01 2.781995720424711993e-01
0.000000000000000000e+00 4.448897795591182369e-01 1.164344774227347307e-01 3.002751652887923339e-01 3.044625377854058290e-01 2.788278195030670092e-01
0.000000000000000000e+00 4.589178356713428109e-01 1.182719185047747118e-01 3.023248738533724222e-01 3.002070361494014739e-01 2.791961714924514060e-01
3.094706711243528363e-01 4.729458917835671627e-01 1.200681752636819921e-01 3.044999455613096040e-01 2.958210715765945964e-01 2.796108075984138908e-01
3.018909574495941772e+00 4.869739478957915146e-01 1.220475701584690237e-01 3.065563429811334895e-01 2.912669829858198223e-01 2.801291038745776230e-01
1.064436836650165974e+00 5.010020040080160886e-01 1.238939355180357083e-01 3.085811156519370213e-01 2.870919738113313358e-01 2.804329750186958514e-01
3.903388882350181888e+00 5.150300601202404405e-01 1.258200333694415585e-01 3.106153361198545348e-01 2.827022768689755328e-01 2.808623536417282907e-01
1.666589931112848699e+00 5.290581162324650144e-01 1.276243582362366347e-01 3.125047625532894058e-01 2.785602342770423512e-01 2.813106449334316084e-01
0.000000000000000000e+00 5.430861723446893663e-01 1.295090286344143804e-01 3.145307294134732645e-01 2.742463941160661611e-01 2.817138478360461940e-01
0.000000000000000000e+00 5.571142284569139402e-01 1.314725716102920494e-01 3.165976645434389058e-01 2.700823132838465757e-01 2.818474505624224968e-01
1.856147597181415643e+00 5.711422845691382921e-01 1.332267357611911507e-01 3.186170443237719141e-01 2.660315589618614807e-01 2.821246609531753990e-01
9.592197069992225433e-01 5.851703406813626440e-01 1.351216799948739000e-01 3.204672752876625563e-01 2.620170367209975759e-01 2.823940079964659122e-01
0.000000000000000000e+00 5.991983967935872180e-01 1.369622171905272023e-01 3.226694047552895461e-01 2.579559544849248098e-01 2.824124235692586082e-01
1.358745585500091835e+00 6.132264529058115698e-01 1.388720429795826383e-01 3.244544519074816780e-01 2.539341654284741900e-01 2.827393396844615214e-01
2.131118240830143229e+00 6.272545090180361438e-01 1.407846144193850291e-01 3.263025701707757964e-01 2.500628169576418203e-01 2.828499984521973265e-01
5.495965628992690588e-01 6.412825651302604957e-01 1.425689794874360483e-01 3.283821150664970601e-01 2.460891188040778832e-01 2.829597866419889529e-01
1.023363547697125231e+00 6.553106212424850696e-01 1.444436758502000706e-01 3.302090441704500501e-01 2.422692531580258601e-01 2.830780268213239359e-01
1.448497457084907847e+00 6.693386773547094215e-01 1.463211872348685050e-01 3.319174893845022734e-01 2.386836255716042465e-01 2.830776978090249751e-01
0.000000000000000000e+00 6.833667334669337734e-01 1.481331663865395054e-01 3.339700067694749142e-01 2.346418456354557314e-01 2.832549812085297658e-01
2.923041799362121829e+00 6.973947895791583473e-01 1.499742378608634741e-01 3.358961935439239710e-01 2.311187695293920041e-01 2.830107990658206063e-01
2.618828117264301980e+00 7.114228456913826992e-01 1.517812947069494267e-01 3.376484679150803525e-01 2.275632153726403206e-01 2.830070220053297891e-01
2.800313651049273211e+00 7.254509018036072732e-01 1.535914629085461391e-01 3.395905259499045203e-01 2.239112068069953887e-01 2.829068043345539518e-01
0.000000000000000000e+00 7.394789579158316251e-01 1.553959999619837773e-01 3.411436265140435076e-01 2.204492044039836618e-01 2.830111691199890811e-01
6.750843458843736045e-01 7.535070140280561990e-01 1.571306002640439625e-01 3.431414313647911940e-01 2.169531086971270839e-01 2.827748596740376485e-01
0.000000000000000000e+00 7.675350701402805509e-01 1.589729169049687307e-01 3.448824339769592795e-01 2.135886160539406109e-01 2.825560330641314066e-01
3.618189645662093223e+00 7.815631262525051248e-01 1.607779180299420407e-01 3.466547541792528442e-01 2.100583788591679768e-01 2.825089489316371383e-01
0.000000000000000000e+00 7.955911823647294767e-01 1.623896868249905256e-01 3.484959750316050098e-01 2.068102888682796237e-01 2.823040492751248132e-01
3.636241016014050143e+00 8.096192384769538286e-01 1.641553510995117093e-01 3.501287638698828975e-01 2.035214676420465107e-01 2.821944173885588825e-01
0.000000000000000000e+00 8.236472945891784025e-01 1.659103675069837081e-01 3.518696745055546193e-01 2.002802705207486489e-01 2.819396874667130515e-01
6.271886745786970918e-01 8.376753507014027544e-01 1.676609958242027687e-01 3.537916158529709754e-01 1.969646858382129995e-01 2.815827024846132565e-01
1.948543717647682083e+00 8.517034068136273284e-01 1.691876204197617639e-01 3.556196119790566712e-01 1.939299745531642138e-01 2.812627930480174343e-01
3.753125142619122556e+00 8.657314629258516803e-01 1.708620637721822433e-01 3.571137957744052183e-01 1.909210702938422544e-01 2.811030701595702008e-01
7.519443731938804110e-01 8.797595190380762542e-01 1.725017501552996158e-01 3.591046264695773038e-01 1.878750645773968331e-01 2.805185587977263584e-01
0.000000000000000000e+00 8.937875751503006061e-01 1.742318097385343323e-01 3.607217662276691050e-01 1.848085651951505426e-01 2.802378588386460478e-01
0.000000000000000000e+00 9.078156312625251800e-01 1.756545773179165326e-01 3.624302202559630537e-01 1.820173792202315899e-01 2.798978232058888516e-01
0.000000000000000000e+00 9.218436873747495319e-01 1.772077581795187817e-01 3.641969451694698212e-01 1.790956096876592518e-01 2.794996869633520897e-01
3.579138818335342975e+00 9.358717434869738838e-01 1.787493253035073171e-01 3.659661766270124739e-01 1.762334182177488773e-01 2.790510798517312763e-01
0.000000000000000000e+00 9.498997995991984578e-01 1.803532598378769225e-01 3.674619807172065933e-01 1.735517228040487081e-01 2.786330366408677484e-01
9.146289820942545834e-01 9.639278557114228096e-01 1.818812774923023734e-01 3.689953356579719901e-01 1.708706828488474050e-01 2.782527040008781483e-01
1.582223308358336133e+00 9.779559118236473836e-01 1.834335742015098802e-01 3.705575706812561099e-01 1.681428995248360481e-01 2.778659555923979618e-01
0.000000000000000000e+00 9.919839679358717355e-01 1.847718957517781591e-01 3.723363277782226755e-01 1.654164007583543428e-01 2.774753757116447672e-01
0.000000000000000000e+00 1.006012024048096087e+00 1.861369088449722764e-01 3.740272263580332046e-01 1.629471930088217668e-01 2.768886717881728354e-01
4.270316837071800542e+00 1.020040080160320883e+00 1.875864284086477263e-01 3.755646079632922185e-01 1.603784932683514908e-01 2.764704703597084534e-01
0.000000000000000000e+00 1.034068136272545235e+00 1.888971224681569860e-01 3.772598966360856676e-01 1.578952240448415756e-01 2.759477568509156598e-01
3.487711750503986186e-01 1.048096192384769587e+00 1.902775411871957534e-01 3.788942300563131194e-01 1.555344883045708115e-01 2.752937404519202880e-01
0.000000000000000000e+00 1.062124248496993939e+00 1.916432133794186699e-01 3.804553820272483233e-01 1.531698833448330299e-01 2.747315212485000879e-01
0.000000000000000000e+00 1.076152304609218291e+00 1.928834087929565677e-01 3.820777297937974493e-01 1.508540823754891125e-01 2.741847790377568983e-01
2.148735649691627003e+00 1.090180360721443087e+00 1.941246626996351310e-01 3.838042284519929126e-01 1.485352074365831054e-01 2.735359014117889065e-01
2.297831313915078777e+00 1.104208416833667439e+00 1.953217657900692406e-01 3.854657737294701070e-01 1.462415824113701135e-01 2.729708780690904280e-01
2.094323421966589827e+00 1.118236472945891791e+00 1.964910557053224371e-01 3.870323635106145965e-01 1.440527531352992774e-01 2.724238276487637722e-01
1.860867489940186137e-01 1.132264529058116143e+00 1.976692618118681966e-01 3.886208529370150933e-01 1.419421826672950804e-01 2.717677025838216021e-01
0.000000000000000000e+00 1.146292585170340494e+00 1.989470524473429813e-01 3.900661737422343456e-01 1.397506916401376476e-01 2.712360821702851088e-01
0.000000000000000000e+00 1.160320641282565290e+00 2.000650273417104996e-01 3.915161322113833720e-01 1.377497495387940973e-01 2.706690909081119756e-01
4.400864464650238617e+00 1.174348697394789642e+00 2.010535308796253529e-01 3.932109111054591932e-01 1.357299693737663848e-01 2.700055886411490969e-01
0.000000000000000000e+00 1.188376753507013994e+00 2.021511455717157624e-01 3.949561709537833809e-01 1.337457306411878044e-01 2.691469528333131911e-01
2.031500438728427671e+00 1.202404809619238346e+00 2.030742450712520186e-01 3.964587457385270186e-01 1.317958896321206053e-01 2.686711195581003020e-01
1.944815252729900745e+00 1.216432865731463142e+00 2.041158183462295495e-01 3.979880082447653789e-01 1.298910705249433639e-01 2.680051028840617633e-01
3.538390950155634762e+00 1.230460921843687494e+00 2.051253987247466937e-01 3.996231479099262018e-01 1.280380929413611479e-01 2.672133604239659288e-01
3.681719552334931311e+00 1.244488977955911846e+00 2.058792589649734439e-01 4.012309545858324111e-01 1.262483801352000667e-01 2.666414063139940227e-01
0.000000000000000000e+00 1.258517034068136198e+00 2.068105827678067832e-01 4.027975621452804522e-01 1.244553128333726472e-01 2.659365422535400758e-01
9.795589876841801491e-01 1.272545090180360550e+00 2.076937923353890103e-01 4.041844584783431671e-01 1.227075582441060492e-01 2.654141909421617318e-01
4.362259350736062302e+00 1.286573146292585346e+00 2.084000804546839170e-01 4.059272894599161852e-01 1.210127876219121018e-01 2.646598424634878932e-01
2.671490392800622615e+00 1.300601202404809698e+00 2.092096378237644771e-01 4.075449271467787016e-01 1.193985358856774898e-01 2.638468991437792899e-01
4.400803284519343883e+00 1.314629258517034049e+00 2.099724289880275374e-01 4.090573749575918128e-01 1.178370263364343501e-01 2.631331697179462581e-01
7.701378436359869184e-01 1.328657314629258401e+00 2.107112937560310650e-01 4.105741057759258461e-01 1.162197266325009498e-01 2.624948738355422639e-01
1.919644373416443950e-01 1.342685370741483197e+00 2.113394005701241807e-01 4.122555895457887254e-01 1.145807451192267373e-01 2.618242647648603705e-01
3.231991032872705727e+00 1.356713426853707549e+00 2.119447890296072279e-01 4.139924102445745602e-01 1.131237667729037694e-01 2.609390339529144565e-01
9.373788874080961619e-01 1.370741482965931901e+00 2.127206181581498545e-01 4.151953540846768931e-01 1.116640974893478300e-01 2.604199302678255057e-01
0.000000000000000000e+00 1.384769539078156253e+00 2.131492859619178726e-01 4.169583937842631927e-01 1.102476977913492834e-01 2.596446224624697763e-01
0.000000000000000000e+00 1.398797595190380605e+00 2.136848139770845256e-01 4.186313262388195455e-01 1.086924779275018210e-01 2.589913818565940939e-01
0.000000000000000000e+00 1.412825651302605401e+00 2.141355360014364217e-01 4.201983205946487887e-01 1.073461821176382863e-01 2.583199612862763783e-01
0.000000000000000000e+00 1.426853707414829753e+00 2.146491068071791075e-01 4.218473658531963766e-01 1.059492332176180523e-01 2.575542941220063109e-01
1.889743790927294498e+00 1.440881763527054105e+00 2.151264039811225659e-01 4.232633510375293229e-01 1.047072497491937787e-01 2.569029952321542631e-01
0.000000000000000000e+00 1.454909819639278457e+00 2.154574537319353111e-01 4.248875544289726913e-01 1.034852376314337741e-01 2.561697542076581957e-01
4.314778804949552793e+00 1.468937875751502808e+00 2.158236212311012148e-01 4.265398158751578794e-01 1.022023411796839920e-01 2.554342217140569415e-01
0.000000000000000000e+00 1.482965931863727604e+00 2.161937448242608750e-01 4.280826844491844030e-01 1.010130778548563868e-01 2.547104928716983352e-01
3.956552929184172118e+00 1.496993987975951956e+00 2.165471060626782407e-01 4.297065046986413006e-01 9.977053191366043461e-02 2.539758573250200380e-01
3.897843987648654362e+00 1.511022044088176308e+00 2.167560250422615464e-01 4.313937388289967867e-01 9.853967243352174110e-02 2.533105636952198703e-01
1.200173818837149575e+00 1.525050100200400660e+00 2.169921217500596633e-01 4.331873704944319003e-01 9.739080330881765002e-02 2.524297044466908280e-01
1.911218768875948548e+00 1.539078156312625456e+00 2.171191800278853834e-01 4.347193620094522704e-01 9.636782321957775010e-02 2.517936347430845268e-01
1.530095854982071568e+00 1.553106212424849808e+00 2.173357185598715213e-01 4.361436715015861720e-01 9.533667283148392069e-02 2.511839371070583304e-01
1.965782056663758492e+00 1.567134268537074160e+00 2.174451687359036378e-01 4.376572716015434406e-01 9.423377048343296869e-02 2.506637891791199113e-01
2.236777148176218866e+00 1.581162324649298512e+00 2.173932589488215827e-01 4.394378878066141358e-01 9.320015658896453614e-02 2.499686966555997591e-01
3.501797465373817975e+00 1.595190380761522864e+00 2.175517124336040775e-01 4.410739273072420974e-01 9.219083926051679923e-02 2.491835209986370259e-01
2.718930113077745236e+00 1.609218436873747660e+00 2.176902677787906359e-01 4.425391540630477238e-01 9.123526560747978464e-02 2.485353125506817862e-01
0.000000000000000000e+00 1.623246492985972012e+00 2.177697181689379202e-01 4.443151776167260092e-01 9.031061872632867304e-02 2.476044854880073143e-01
0.000000000000000000e+00 1.637274549098196363e+00 2.174650690203802639e-01 4.460873850991855516e-01 8.935589199798388282e-02 2.470916538824502462e-01
0.000000000000000000e+00 1.651302605210420715e+00 2.174855467802330466e-01 4.475235119955457419e-01 8.852286825412404581e-02 2.464680729700970685e-01
2.229509335746159948e+00 1.665330661322645511e+00 2.173009022925233569e-01 4.493689762924458764e-01 8.764108915027418734e-02 2.456890322647564684e-01
2.167962605783640695e-01 1.679358717434869863e+00 2.171718355440630244e-01 4.508425320195696973e-01 8.680578117151706297e-02 2.451798512648502015e-01
1.299139617436495975e+00 1.693386773547094215e+00 2.170385750252682155e-01 4.525585746311545643e-01 8.588163102848574149e-02 2.445212193150913815e-01
0.000000000000000000e+00 1.707414829659318567e+00 2.166927166724947895e-01 4.543712241156147025e-01 8.511949219814803069e-02 2.438165670137425189e-01
2.245217894971756500e+00 1.721442885771542919e+00 2.166528244624028321e-01 4.557858164896351205e-01 8.437096204237969077e-02 2.431903970055823427e-01
0.000000000000000000e+00 1.735470941883767715e+00 2.163931403014721366e-01 4.574881608544141276e-01 8.357963089624405317e-02 2.425390679478695855e-01
1.002070858337351211e+00 1.749498997995992067e+00 2.161129434666855254e-01 4.593218169209702939e-01 8.285392637331859267e-02 2.417113132390256158e-01
4.483508584557129417e+00 1.763527054108216419e+00 2.157777653368788129e-01 4.606325353523599841e-01 8.211065571234664462e-02 2.414790435984146555e-01
2.040052285733580557e-03 1.777555110220440771e+00 2.152808993696837536e-01 4.624262631510373533e-01 8.144771990106389192e-02 2.408451175782150566e-01
2.887158461285418642e+00 1.791583166332665567e+00 2.149370623400000402e-01 4.641812667954440252e-01 8.072995649187592049e-02 2.401517143726800418e-01
4.335903313860644204e+00 1.805611222444889918e+00 2.145231946815681356e-01 4.658448288849312280e-01 8.015237747338863072e-02 2.394795989601120889e-01
3.353776343671874383e+00 1.819639278557114270e+00 2.140511070366809543e-01 4.675262149413271784e-01 7.947916978711924707e-02 2.389435082348725370e-01
1.092765010985105256e+00 1.833667334669338622e+00 2.137141591425158194e-01 4.690059572876374427e-01 7.890991683140133328e-02 2.383699667384454601e-01
3.666188318000381141e+00 1.847695390781562974e+00 2.131939265681195572e-01 4.706248294745901672e-01 7.826785604153142784e-02 2.379133879157589171e-01
9.168123637747047638e-01 1.861723446893787770e+00 2.126347887913688506e-01 4.723796086474165712e-01 7.768870562406103575e-02 2.372968969371536951e-01
0.000000000000000000e+00 1.875751503006012122e+00 2.121298568330248768e-01 4.740239019640135054e-01 7.714918888039973277e-02 2.366970523225619405e-01
3.201534106224297016e+00 1.889779559118236474e+00 2.115484193704925409e-01 4.757627111839343170e-01 7.658944162027862823e-02 2.360994278252946388e-01
4.428218588831252411e+00 1.903807615230460826e+00 2.109900472589694154e-01 4.773364731179586262e-01 7.610310261012727395e-02 2.355703770129446983e-01
2.323204726671713072e+00 1.917835671342685622e+00 2.103864487924548554e-01 4.789592212782645686e-01 7.555329060844633016e-02 2.351010393208342319e-01
6.434071877346718704e-01 1.931863727454909974e+00 2.097684064427760564e-01 4.804469533096106248e-01 7.514429937846774099e-02 2.346403408691456194e-01
8.235956661423871061e-01 1.945891783567134325e+00 2.090073447704273446e-01 4.824045035217720545e-01 7.462399547946779732e-02 2.339641562283326648e-01
9.734676970195121903e-01 1.959919839679358677e+00 2.082998405295810318e-01 4.838668986605187960e-01 7.422468411622736018e-02 2.336085766936727981e-01
2.574203183671264661e+00 1.973947895791583029e+00 2.075249058049727091e-01 4.856484855360046482e-01 7.373609362338537365e-02 2.330905150356372690e-01
0.000000000000000000e+00 1.987975951903807825e+00 2.069579735797360542e-01 4.870726464473307260e-01 7.335060356559983119e-02 2.326187764073334441e-01
3.551728844103987370e-01 2.002004008016032177e+00 2.061286888397851624e-01 4.888980858545366459e-01 7.290654132600120352e-02 2.320666839796770575e-01
4.855509648091308250e+00 2.016032064128256529e+00 2.053186367022675485e-01 4.903644721909242166e-01 7.256367090416386556e-02 2.317532202026443833e-01
6.587122348834758559e-07 2.030060120240480881e+00 2.045584182139613960e-01 4.920478717271905000e-01 7.216133928590558189e-02 2.312323707729425915e-01
0.000000000000000000e+00 2.044088176352705233e+00 2.037162623000389750e-01 4.937166655408873894e-01 7.179712340609165078e-02 2.307699487529818183e-01
2.011300681357230502e+00 2.058116232464930029e+00 2.029916674126290288e-01 4.951455086497731917e-01 7.148988339125492142e-02 2.303729405463428859e-01
0.000000000000000000e+00 2.072144288577154381e+00 2.019758749091238592e-01 4.970161227082663946e-01 7.114804503501942490e-02 2.298599573475903490e-01
9.037536080325683230e-01 2.086172344689378733e+00 2.012925354328120864e-01 4.983590239426934909e-01 7.079289221091668305e-02 2.295555484135777258e-01
4.598727870714047761e+00 2.100200400801603084e+00 2.002741559116679726e-01 5.000745257857958093e-01 7.050939670563313721e-02 2.291419215969031919e-01
4.497196979291138812e-03 2.114228456913827880e+00 1.994393815038367768e-01 5.015381195171034756e-01 7.017043835754074865e-02 2.288520606215191655e-01
6.310608044109943231e-04 2.128256513026052232e+00 1.985518090382615564e-01 5.030682425105555966e-01 6.999353217031162311e-02 2.283864162808712517e-01
3.832653361770703260e+00 2.142284569138276584e+00 1.974752684719947304e-01 5.047099433359399923e-01 6.974889739812208111e-02 2.280658907939431546e-01
3.772049469969366520e+00 2.156312625250500936e+00 1.965322695589968582e-01 5.063239023437930975e-01 6.951251978999276049e-02 2.276313083072173116e-01
1.842602991554813663e+00 2.170340681362725288e+00 1.955435086768889386e-01 5.077982919038356302e-01 6.925714746884858997e-02 2.274010519504267303e-01
0.000000000000000000e+00 2.184368737474950084e+00 1.945471893454156498e-01 5.094323284911719263e-01 6.897022980667762149e-02 2.270502523567347886e-01
4.001760665536870931e+00 2.198396793587174436e+00 1.935437339450295224e-01 5.108713046533358559e-01 6.884212752811337543e-02 2.267428338735212323e-01
3.227224858845654243e-01 2.212424849699398788e+00 1.924598869153966718e-01 5.124651858920500347e-01 6.863644764633354545e-02 2.264384795462197342e-01
0.000000000000000000e+00 2.226452905811623140e+00 1.915843369806086438e-01 5.140851578374838748e-01 6.844972208177316220e-02 2.258807831001342914e-01
0.000000000000000000e+00 2.240480961923847936e+00 1.903893985977033743e-01 5.155487670967786595e-01 6.827854981016742708e-02 2.257832844953505114e-01
1.517607239824408705e+00 2.254509018036072288e+00 1.893819763479737961e-01 5.170539974552557094e-01 6.809626036208084321e-02 2.254677658346896651e-01
1.814786654285506895e+00 2.268537074148296639e+00 1.883215973068762816e-01 5.184051941686357301e-01 6.805051532808814585e-02 2.252226931963998702e-01
2.868826976139569940e+00 2.282565130260520991e+00 1.872633216879293072e-01 5.197967745254138405e-01 6.791334554538076829e-02 2.250265582412761256e-01
2.017343710540453472e+00 2.296593186372745343e+00 1.861651203322263748e-01 5.212479228486409655e-01 6.774021988090637991e-02 2.248467369382263492e-01
4.736373637586810403e+00 2.310621242484970139e+00 1.851595672911029999e-01 5.225367817114994207e-01 6.771390350550414439e-02 2.245897474918934766e-01
1.170619157233282510e-12 2.324649298597194491e+00 1.839598442337161965e-01 5.241142211547059615e-01 6.760602729887009443e-02 2.243199073127077892e-01
3.140892054008861262e-02 2.338677354709418843e+00 1.829220460182231500e-01 5.252544435759370911e-01 6.756109799664265780e-02 2.242624124091970039e-01
2.587514654325216323e+00 2.352705410821643195e+00 1.817702647478419420e-01 5.267405368862413395e-01 6.744434638741048094e-02 2.240448519785062098e-01
1.640186572433391277e+00 2.366733466933867547e+00 1.806462344145496612e-01 5.281494017720796963e-01 6.742944643596938958e-02 2.237749173774012668e-01
3.353247197872298635e+00 2.380761523046092343e+00 1.794963115257747488e-01 5.295075015039479860e-01 6.736869612716094025e-02 2.236274908431162833e-01
0.000000000000000000e+00 2.394789579158316695e+00 1.784486243936663219e-01 5.307112300122298620e-01 6.733599840049137031e-02 2.235041471936125568e-01
4.529379169806261096e+00 2.408817635270541047e+00 1.772368495756800888e-01 5.320569026309750482e-01 6.733591181416666294e-02 2.233703359791781862e-01
2.012917343336735332e+00 2.422845691382765398e+00 1.761352098179633785e-01 5.331583950570260022e-01 6.731990884732734493e-02 2.233864862776831495e-01
2.549822716638695308e+00 2.436873747494990194e+00 1.748750091747338642e-01 5.345992895744283713e-01 6.736147522281787925e-02 2.231642260280199408e-01
0.000000000000000000e+00 2.450901803607214546e+00 1.737440341727291004e-01 5.357737731217092625e-01 6.736280470875125048e-02 2.231193879968103866e-01
3.351433287097314029e+00 2.464929859719438898e+00 1.726060082590283318e-01 5.370785472972131602e-01 6.737938908838296548e-02 2.229360553553755286e-01
3.668083927304325975e+00 2.478957915831663250e+00 1.714496725260911680e-01 5.381852563388845878e-01 6.740970629713374795e-02 2.229553648378903574e-01
0.000000000000000000e+00 2.492985971943887602e+00 1.702779919969385214e-01 5.391851075457135822e-01 6.753288928481186726e-02 2.230040111725361540e-01
2.503579787923772226e+00 2.507014028056112398e+00 1.690587083166083804e-01 5.404333305599925419e-01 6.755094138836546802e-02 2.229570197350336236e-01
2.463500885078649283e+00 2.521042084168336750e+00 1.679369257810156835e-01 5.415247460264259738e-01 6.760762670348670345e-02 2.229307014890716532e-01
2.108530160684414678e+00 2.535070140280561102e+00 1.666737732771874370e-01 5.427230186238153342e-01 6.770169609284168444e-02 2.229015120061554056e-01
3.117652496677354002e+00 2.549098196392785454e+00 1.657353054209828314e-01 5.435129027150901182e-01 6.780885340330658484e-02 2.229429384606204378e-01
4.416935105249291560e+00 2.563126252505010250e+00 1.644268747134540742e-01 5.446573705691684086e-01 6.794498084905706281e-02 2.229707738683206208e-01
4.248408493479734815e+00 2.577154308617234602e+00 1.632020855196350539e-01 5.459604862946295656e-01 6.799967528111457160e-02 2.228377529046207395e-01
2.792963161043056974e+00 2.591182364729458953e+00 1.620467096925033990e-01 5.468670394051824424e-01 6.813840189817985116e-02 2.229478490041343353e-01
3.947418474965909585e+00 2.605210420841683305e+00 1.608723885147372301e-01 5.477149099074205552e-01 6.827403605723729452e-02 2.231386655206049063e-01
1.852728201913752759e+00 2.619238476953907657e+00 1.596536303279724456e-01 5.487374083938870717e-01 6.845661579317630085e-02 2.231523454849642374e-01
2.357723163029850078e+00 2.633266533066132453e+00 1.585308023591573134e-01 5.495253161085102978e-01 6.857841250944755884e-02 2.233654690228848161e-01
1.839067319193953942e+00 2.647294589178356805e+00 1.573291778352068904e-01 5.503764480161303929e-01 6.882521724103610183e-02 2.234691569076266981e-01
1.468692530751685479e-05 2.661322645290581157e+00 1.561806741269639864e-01 5.511529245196119531e-01 6.901619988107951520e-02 2.236502014723445175e-01
1.315096194616184544e+00 2.675350701402805509e+00 1.549264745009855948e-01 5.522287937729346563e-01 6.914912131205194767e-02 2.236956104140276902e-01
0.000000000000000000e+00 2.689378757515030305e+00 1.537767228202726322e-01 5.530100591930697806e-01 6.937943033852463082e-02 2.238337876481329702e-01
4.788205149630480051e+00 2.703406813627254657e+00 1.526371831616890051e-01 5.536029982180082909e-01 6.961190582838856777e-02 2.241479127919142056e-01
0.000000000000000000e+00 2.717434869739479009e+00 1.514152989831149265e-01 5.545091847498854198e-01 6.980321118593819929e-02 2.242723050810615515e-01
