# Y X a0 a1 a2 a3
5.553947159131966682e-01 -1.000000000000000000e+00 1.069048563234879096e-01 2.871382968892223220e-01 6.055668625323568088e-01 3.899842549330367696e-04
1.882647263408756100e+00 -9.859719438877755371e-01 1.096987576949114140e-01 2.890599105587529083e-01 6.008474845641698092e-01 3.938471821657586725e-04
7.060949009397127218e-01 -9.719438877755510742e-01 1.126478606310244157e-01 2.909952958668168832e-01 5.959583758232581685e-01 3.984676789005230980e-04
5.816505486707329586e-01 -9.579158316633266113e-01 1.156489933290636291e-01 2.929707741410110255e-01 5.909774123970937820e-01 4.028201328314692624e-04
1.452250139483963753e+00 -9.438877755511021483e-01 1.186678578198286510e-01 2.949141466254887045e-01 5.860108215766677286e-01 4.071739780148090986e-04
1.050820034260390390e+00 -9.298597194388777964e-01 1.217541455497548331e-01 2.967377014271188607e-01 5.810963156697415144e-01 4.118373533846022010e-04
2.199410289118016948e+00 -9.158316633266533335e-01 1.250325054152868209e-01 2.984447526016869578e-01 5.761063578729959112e-01 4.163841100302939613e-04
7.579672130071792857e-01 -9.018036072144288706e-01 1.282674638342476969e-01 3.004182995368863685e-01 5.708928951857520362e-01 4.213414431139561080e-04
4.585892309169062875e-01 -8.877755511022044077e-01 1.315060259966727707e-01 3.019755018870615149e-01 5.660921394790000560e-01 4.263326372656191503e-04
1.515673887128119013e+00 -8.737474949899799448e-01 1.349283173845577388e-01 3.036759236947910168e-01 5.609639503667480653e-01 4.318085539031045320e-04
6.273581967110060109e-01 -8.597194388777554819e-01 1.383658050484287139e-01 3.054485034296010593e-01 5.557488922806705922e-01 4.367992412996283126e-04
8.942888368368533403e-01 -8.456913827655310190e-01 1.417615343957302765e-01 3.067711078684722259e-01 5.510254484596947000e-01 4.419092761027941518e-04
1.095113785234754999e+00 -8.316633266533066671e-01 1.453336832624637642e-01 3.083603618280968406e-01 5.458584323763844282e-01 4.475225330549402513e-04
1.583457667708976890e+00 -8.176352705410820931e-01 1.489031291349728059e-01 3.099668421042089395e-01 5.406768072612478937e-01 4.532214995702650551e-04
1.893267447190848163e+00 -8.036072144288577412e-01 1.526447436361578480e-01 3.110756117672491827e-01 5.358208070432722847e-01 4.588375533207495957e-04
2.274164480482360862e+00 -7.895791583166332783e-01 1.563712487812582708e-01 3.125419448577888004e-01 5.306218261577418938e-01 4.649802032111196811e-04
1.715703040124565204e+00 -7.755511022044088154e-01 1.602201909859727880e-01 3.137560267586625984e-01 5.255523612255676991e-01 4.714210297969640751e-04
2.581645419645407280e+00 -7.615230460921843525e-01 1.639104570271598671e-01 3.149772879472685916e-01 5.206349391135171034e-01 4.773159120544295049e-04
1.674835768278354786e+00 -7.474949899799598896e-01 1.679446606911638995e-01 3.159440583783134637e-01 5.156273363414164423e-01 4.839445891062038553e-04
8.278278260991240867e-01 -7.334669338677355377e-01 1.718537760561873184e-01 3.172514250484402831e-01 5.104043396316461090e-01 4.904592637263559133e-04
2.433050611846317324e+00 -7.194388777555109638e-01 1.757587012698320628e-01 3.182583671890509280e-01 5.054856413877502064e-01 4.972901533669160136e-04
1.951277216268066050e+00 -7.054108216432866119e-01 1.798217351459533986e-01 3.191360785955874024e-01 5.005380759930326828e-01 5.041102654265113871e-04
1.119252449699291052e+00 -6.913827655310621489e-01 1.839179506808968634e-01 3.199890164194011954e-01 4.955818310093051404e-01 5.112018903968574548e-04
2.172250036604352008e+00 -6.773547094188376860e-01 1.881834879856254250e-01 3.207309163194224100e-01 4.905669674093170451e-01 5.186282856350968827e-04
2.371444582859718153e+00 -6.633266533066132231e-01 1.922788167226108513e-01 3.216100959133905146e-01 4.855852956789797892e-01 5.257916850188673217e-04
2.386983452460265553e+00 -6.492985971943887602e-01 1.965710835730524186e-01 3.221350095403304747e-01 4.807596519993528883e-01 5.342548872642791493e-04
2.387340616981575181e+00 -6.352705410821642973e-01 2.007871805842419699e-01 3.226452971814889326e-01 4.760259487116654809e-01 5.415735226036512721e-04
7.145697656931161434e-01 -6.212424849699398344e-01 2.051479525609390397e-01 3.232915773913942470e-01 4.710104883277790866e-01 5.499817198876613689e-04
2.559531687249814169e+00 -6.072144288577154825e-01 2.096529273205610666e-01 3.237246050547106235e-01 4.660644609719666320e-01 5.580066527617536095e-04
1.533467443910037531e+00 -5.931863727454909085e-01 2.139484425662283307e-01 3.241350620752804779e-01 4.613494546743068248e-01 5.670406841843549962e-04
1.824298952743467872e+00 -5.791583166332665567e-01 2.184791114329861228e-01 3.245000754580184554e-01 4.564455184602402849e-01 5.752946487551901513e-04
1.094249692736811053e+00 -5.651302605210420937e-01 2.227775749371176950e-01 3.247358942985167918e-01 4.519019629732430876e-01 5.845677911226636108e-04
2.204072179934447817e+00 -5.511022044088176308e-01 2.273466299289310932e-01 3.248860250127796889e-01 4.471736375710416156e-01 5.937074872476504972e-04
1.435335687381998904e+00 -5.370741482965931679e-01 2.319279802086850473e-01 3.250516315452813276e-01 4.424175367049938412e-01 6.028515410396124768e-04
1.225574352493506991e+00 -5.230460921843687050e-01 2.365306287837353472e-01 3.249710968528119470e-01 4.378858851439737521e-01 6.123892194789275125e-04
2.499679646892573714e+00 -5.090180360721443531e-01 2.411661497238170582e-01 3.250129406453346470e-01 4.331983977928646201e-01 6.225118379836611570e-04
2.982982651478424341e+00 -4.949899799599197792e-01 2.458211185713904678e-01 3.249244495953920731e-01 4.286213776850819612e-01 6.330541481356247255e-04
1.294502176319417774e+00 -4.809619238476954273e-01 2.502574717201649923e-01 3.247561821012066030e-01 4.243429518926679633e-01 6.433942859603808493e-04
2.571990803897358457e+00 -4.669338677354709644e-01 2.549226511269844231e-01 3.246280348993758058e-01 4.197950422607634735e-01 6.542717128764031966e-04
2.351507851390278958e+00 -4.529058116232465014e-01 2.596621257432530916e-01 3.242447891072538502e-01 4.154276629961731193e-01 6.654221533200123254e-04
1.668784723651161706e+00 -4.388777555110220385e-01 2.641581541362613139e-01 3.238717123413986099e-01 4.112930188018766309e-01 6.771147204634410041e-04
2.105996374796555770e+00 -4.248496993987975756e-01 2.690033163980041220e-01 3.234118566153949548e-01 4.068961796856209734e-01 6.886473009799033490e-04
3.027524315282269729e+00 -4.108216432865731127e-01 2.736757265094116875e-01 3.229543061234961265e-01 4.026687599572081333e-01 7.012074098841113764e-04
2.610054482323254987e+00 -3.967935871743486498e-01 2.785439160890194055e-01 3.224827925359808889e-01 3.982599728261249639e-01 7.133185488746126473e-04
1.751781021427154084e+00 -3.827655310621242979e-01 2.832650492398589015e-01 3.218156194723473251e-01 3.941930392132772520e-01 7.262920745165985306e-04
1.796242061023368031e+00 -3.687374749498998350e-01 2.878066840531898762e-01 3.212678179572505677e-01 3.901859286439039454e-01 7.395693456556905188e-04
2.878048614828378593e+00 -3.547094188376753721e-01 2.924523768174229765e-01 3.203117292643803404e-01 3.864829865046041646e-01 7.529074135926422644e-04
2.734811652583764907e+00 -3.406813627254509091e-01 2.971411599156699723e-01 3.197914923933902198e-01 3.822999637745170265e-01 7.673839164228546568e-04
1.316289633495000277e+00 -3.266533066132264462e-01 3.018629511701468870e-01 3.187604357416423118e-01 3.785950821471517069e-01 7.815309410590669421e-04
2.667863519922267113e+00 -3.126252505010019833e-01 3.066316894148663486e-01 3.180215064153397164e-01 3.745505070626699573e-01 7.962971071239792389e-04
2.449033432959247580e+00 -2.985971943887775204e-01 3.112276845345609000e-01 3.171005081988929053e-01 3.708600822166465139e-01 8.117250498996235073e-04
2.845109434887049371e+00 -2.845691382765530575e-01 3.158257037672015932e-01 3.161037730462272766e-01 3.672428962829133448e-01 8.276269036578141934e-04
2.858813634187055364e+00 -2.705410821643285946e-01 3.204795951482901084e-01 3.150516216102418610e-01 3.636245756085778602e-01 8.442076328901815903e-04
2.496570863349672376e+00 -2.565130260521042427e-01 3.249370071264753301e-01 3.140185613325642833e-01 3.601836346234073560e-01 8.607969175529606295e-04
3.183810638545283123e+00 -2.424849699398797798e-01 3.296854528153521091e-01 3.127737903895216887e-01 3.566628023802566050e-01 8.779544148696021228e-04
1.476136355311288728e+00 -2.284569138276553169e-01 3.342349323272603145e-01 3.115899803844507376e-01 3.532787735853455402e-01 8.963137029434254006e-04
1.656997819687329621e+00 -2.144288577154308539e-01 3.385784386824354231e-01 3.104471242951376553e-01 3.500601078095985641e-01 9.143292128283238328e-04
1.584014606618719956e+00 -2.004008016032063910e-01 3.429762656719193559e-01 3.092516248976394655e-01 3.468384534100998895e-01 9.336560203413096304e-04
3.148597001949318130e+00 -1.863727454909819281e-01 3.473878995537945102e-01 3.079749134680060396e-01 3.436829657998705656e-01 9.542211783287987735e-04
2.057100870201204135e+00 -1.723446893787574652e-01 3.519024752545561463e-01 3.067340029428770598e-01 3.403892611960361303e-01 9.742606065306004971e-04
1.525238875773264224e+00 -1.583166332665331133e-01 3.562181196953772555e-01 3.052963957732280909e-01 3.374892885675077059e-01 9.961959638871249138e-04
2.977460148302062848e+00 -1.442885771543086504e-01 3.605153768641372602e-01 3.039526796868194380e-01 3.345148846315403879e-01 1.017058817502871975e-03
2.984003868755530142e+00 -1.302605210420841875e-01 3.648858168624219411e-01 3.024339358081601925e-01 3.316399826744241275e-01 1.040264654993706571e-03
1.595264420726056898e+00 -1.162324649298597246e-01 3.692296334952980263e-01 3.009086927128635236e-01 3.287981606624653663e-01 1.063513129373219474e-03
2.803578133280473228e+00 -1.022044088176352616e-01 3.732143823173342256e-01 2.995490426461618894e-01 3.261491244193110428e-01 1.087450617192716644e-03
1.846052281260432970e+00 -8.817635270541079873e-02 3.771827929933196377e-01 2.981344948450476151e-01 3.235701505592053495e-01 1.112561602427252806e-03
1.585593675919620082e+00 -7.414829659318633581e-02 3.812947001780911949e-01 2.964949288367791924e-01 3.210725397009943638e-01 1.137831284135362980e-03
2.287079534923648350e+00 -6.012024048096187290e-02 3.853177780592690893e-01 2.950420101165718290e-01 3.184751805676806491e-01 1.165031256478431341e-03
2.697134733153883523e+00 -4.609218436873740998e-02 3.894002743239313169e-01 2.932637899146250948e-01 3.161423823038985725e-01 1.193553457545002729e-03
2.435245816866318691e+00 -3.206412825651305809e-02 3.930107097141637418e-01 2.918642478710817278e-01 3.139029681809118455e-01 1.222074233842622860e-03
1.855424889825713741e+00 -1.803607214428859518e-02 3.968586419660889986e-01 2.902876319594527854e-01 3.116014646100495056e-01 1.252261464408702422e-03
2.763616127632605668e+00 -4.008016032064132261e-03 4.006196752657742444e-01 2.886182579315297869e-01 3.094787642802934724e-01 1.283302522402473981e-03
1.321575718767003194e+00 1.002004008016044168e-02 4.042690280025197369e-01 2.869783752638946361e-01 3.074374369524125461e-01 1.315159781173231342e-03
1.852524094972892499e+00 2.404809619238479357e-02 4.075616260130436874e-01 2.854532517799178715e-01 3.056365935557304181e-01 1.348528651307926741e-03
1.435552177758979475e+00 3.807615230460914546e-02 4.113176225287014653e-01 2.837508832497114830e-01 3.035484995156626509e-01 1.382994705924274568e-03
3.007659932481648646e+00 5.210420841683371940e-02 4.146674425996942359e-01 2.819888853957183139e-01 3.019238087027659723e-01 1.419863301821459043e-03
2.210168748299981445e+00 6.613226452905807129e-02 4.181690556554261140e-01 2.803346575381949757e-01 3.000396577729661507e-01 1.456629033412792582e-03
2.273048755202096149e+00 8.016032064128264523e-02 4.213222474396389194e-01 2.787498121906999970e-01 2.984314626977304097e-01 1.496477671930604653e-03
3.272407405882515441e+00 9.418837675350699712e-02 4.245692574112818751e-01 2.771060888790284338e-01 2.967876490035905035e-01 1.537004706099047305e-03
1.933145341896825631e+00 1.082164328657315711e-01 4.276861247183563197e-01 2.753676226316040254e-01 2.953688764048493787e-01 1.577376245190367267e-03
1.625810822610483708e+00 1.222444889779559229e-01 4.307331281271779555e-01 2.735178288573582583e-01 2.941281336436405436e-01 1.620909371823239103e-03
2.112127581782024421e+00 1.362725450901802748e-01 4.336831006692110635e-01 2.719534136060109408e-01 2.926970531032894174e-01 1.666432621488523648e-03
2.654812246647113572e+00 1.503006012024048488e-01 4.364709803850932435e-01 2.702468766312693949e-01 2.915672233183216333e-01 1.714919665315662884e-03
2.184845742858873674e+00 1.643286573146292007e-01 4.391711199704296797e-01 2.685375948972785198e-01 2.905271264603804249e-01 1.764158671911290107e-03
2.538687436483543003e+00 1.783567134268537746e-01 4.416006946750374307e-01 2.670282248195675612e-01 2.895569070599766648e-01 1.814173445418384122e-03
3.051736650620740399e+00 1.923847695390781265e-01 4.445647892340774954e-01 2.650785879025311376e-01 2.884886875447818522e-01 1.867935318609645866e-03
3.487699250363569536e+00 2.064128256513027004e-01 4.468348331257494532e-01 2.634763701324970842e-01 2.877644386245481467e-01 1.924358117205206406e-03
1.644079630470344444e+00 2.204408817635270523e-01 4.492669691576917090e-01 2.618220022327251151e-01 2.869286642972830315e-01 1.982364312300122743e-03
2.606248361942641978e+00 2.344689378757514042e-01 4.514876512647431617e-01 2.601009909404656262e-01 2.863703888661419672e-01 2.040968928649228905e-03
3.007226032059056031e+00 2.484969939879759782e-01 4.536321585338319307e-01 2.584691435234279244e-01 2.857947076238308570e-01 2.103990318909121360e-03
1.759064289221783817e+00 2.625250501002003300e-01 4.556815178163762248e-01 2.568639811800857431e-01 2.852851675683043542e-01 2.169333435233705264e-03
2.105532536904221264e+00 2.765531062124249040e-01 4.577019850634990172e-01 2.551255784697924467e-01 2.849344108663379727e-01 2.238025600370581632e-03
2.045184218624033434e+00 2.905811623246492559e-01 4.596068862302774560e-01 2.535061032828231364e-01 2.845789825925219563e-01 2.308027894377334601e-03
2.339985770095997175e+00 3.046092184368738298e-01 4.612670393481547726e-01 2.519437322445802763e-01 2.844078571673999134e-01 2.381371239865009981e-03
3.072925860120126806e+00 3.186372745490981817e-01 4.630438573711590511e-01 2.501625285790988196e-01 2.843330046215588602e-01 2.460609428183245257e-03
3.296435236652101253e+00 3.326653306613227556e-01 4.646283231861230156e-01 2.485445098703130962e-01 2.842864228763957724e-01 2.540744067168117151e-03
2.987801144809306031e+00 3.466933867735471075e-01 4.661686500890513951e-01 2.469412950968946918e-01 2.842644542605969327e-01 2.625600553457048923e-03
2.989095465308464483e+00 3.607214428857714594e-01 4.673613836411571465e-01 2.452841537016360318e-01 2.846432953872864990e-01 2.711167269920365577e-03
2.396198712742295456e+00 3.747494989979960334e-01 4.687274626978958358e-01 2.436625748635830868e-01 2.848039910510095640e-01 2.805971387511584873e-03
2.484243239556104488e+00 3.887775551102203853e-01 4.696026028822028464e-01 2.422335949867866489e-01 2.852631941931506598e-01 2.900607937859850903e-03
2.502737255331423771e+00 4.028056112224449592e-01 4.707950430140480091e-01 2.406012952015146034e-01 2.856046215470988137e-01 2.999040237338492735e-03
2.608159501254976753e+00 4.168336673346693111e-01 4.717479192105377139e-01 2.389139169583436029e-01 2.862317529291573681e-01 3.106410901961267380e-03
3.926893068695116007e+00 4.308617234468938850e-01 4.725190299851841358e-01 2.374991926627339212e-01 2.867688038451831067e-01 3.212973506898929559e-03
2.801496018732550830e+00 4.448897795591182369e-01 4.732117471406951381e-01 2.357602345923812681e-01 2.876984378264513253e-01 3.329580440472293141e-03
3.142114266521903509e+00 4.589178356713428109e-01 4.738257916434301942e-01 2.343034545444934447e-01 2.884222573994576488e-01 3.448496412618699738e-03
3.709524068887693815e+00 4.729458917835671627e-01 4.741350720419563181e-01 2.328909955063964698e-01 2.894009530347553261e-01 3.572979416891908146e-03
3.916139869777539584e+00 4.869739478957915146e-01 4.745498083013712787e-01 2.313136209756846695e-01 2.904309177097108563e-01 3.705653013233164289e-03
2.940342789496091847e+00 5.010020040080160886e-01 4.746027452767696553e-01 2.298431210739597386e-01 2.917109779304115080e-01 3.843155718859002715e-03
3.467990822205790913e+00 5.150300601202404405e-01 4.748080123409780806e-01 2.282156568786385398e-01 2.929921811056342418e-01 3.984149674749119623e-03
2.020087360028640866e+00 5.290581162324650144e-01 4.745626227172125011e-01 2.269648190147574296e-01 2.943375110068571221e-01 4.135047261173142343e-03
2.867315618061613058e+00 5.430861723446893663e-01 4.746084363336792733e-01 2.253268321172437749e-01 2.957700697569159987e-01 4.294661792160963526e-03
3.667158756906314654e+00 5.571142284569139402e-01 4.741649795566013070e-01 2.239434715779427543e-01 2.974312787842665617e-01 4.460270081189481907e-03
2.485379359276250533e+00 5.711422845691382921e-01 4.737684336246439365e-01 2.225474441118997226e-01 2.990532797518408725e-01 4.630842511615320019e-03
2.464269304974562314e+00 5.851703406813626440e-01 4.732327981122673166e-01 2.210389785042994326e-01 3.009153108124276166e-01 4.812912571005848426e-03
3.356452378394081837e+00 5.991983967935872180e-01 4.724375524462715026e-01 2.196231522044766460e-01 3.029398549202758084e-01 4.999440428976182661e-03
2.581262013335215322e+00 6.132264529058115698e-01 4.717544350041470436e-01 2.182541647688978348e-01 3.047937981482591874e-01 5.197602078696032281e-03
3.860357062789383953e+00 6.272545090180361438e-01 4.705605337385608267e-01 2.167507921140587046e-01 3.072783143488091451e-01 5.410359798571248192e-03
3.230199133564529035e+00 6.412825651302604957e-01 4.695457656154109483e-01 2.155054106593575769e-01 3.093242375677376921e-01 5.624586157493760216e-03
4.053654858126952476e+00 6.553106212424850696e-01 4.685414153648368996e-01 2.138651355920839492e-01 3.117412759728746541e-01 5.852173070204709678e-03
4.069709372464769714e+00 6.693386773547094215e-01 4.669558452886592437e-01 2.124889726111350574e-01 3.144654000350065037e-01 6.089782065199155284e-03
3.843422631038337478e+00 6.833667334669337734e-01 4.656153370557843396e-01 2.110421458640989179e-01 3.170008858866120716e-01 6.341631193504705666e-03
3.994289153730958386e+00 6.973947895791583473e-01 4.639699575769082318e-01 2.097599717716610024e-01 3.196650717385357554e-01 6.604998912895019073e-03
3.789157513652975151e+00 7.114228456913826992e-01 4.620580446612754244e-01 2.083047465641330864e-01 3.227533674830888599e-01 6.883841291502689093e-03
4.064119544288749886e+00 7.254509018036072732e-01 4.602671649884357286e-01 2.068379921798522425e-01 3.257257110203020112e-01 7.169131811410040314e-03
3.065969859795306451e+00 7.394789579158316251e-01 4.582748379444506193e-01 2.054360078527474043e-01 3.288213784934011508e-01 7.467775709400826557e-03
4.189231656825802119e+00 7.535070140280561990e-01 4.562419019889449867e-01 2.040210871048111774e-01 3.319537333693683423e-01 7.783277536875410352e-03
4.193943257984887651e+00 7.675350701402805509e-01 4.537676187848790343e-01 2.026140288125095612e-01 3.354981664378487993e-01 8.120185964762648492e-03
4.106423055483116258e+00 7.815631262525051248e-01 4.514032888973241175e-01 2.012502723240733871e-01 3.388747361920916856e-01 8.471702586510984970e-03
2.775306838479218996e+00 7.955911823647294767e-01 4.488320115155725598e-01 1.998158630467406771e-01 3.425188965448041079e-01 8.833228892882571959e-03
2.340012833368589007e+00 8.096192384769538286e-01 4.459445777155898738e-01 1.983997462328626338e-01 3.464386953020427984e-01 9.216980749504685363e-03
2.801977420253542128e+00 8.236472945891784025e-01 4.432604360656948739e-01 1.970300416040561553e-01 3.500866181317709991e-01 9.622904198478042861e-03
2.679468689940159187e+00 8.376753507014027544e-01 4.401277338535033445e-01 1.955206425390928204e-01 3.543157747053667372e-01 1.003584890203721575e-02
3.820685354277821411e+00 8.517034068136273284e-01 4.369691363651574956e-01 1.941260164388744214e-01 3.584246335195164224e-01 1.048021367645168324e-02
3.684168100781225252e+00 8.657314629258516803e-01 4.335552888742814637e-01 1.927012489273018381e-01 3.627962697969194794e-01 1.094719240149725700e-02
2.555707026630934298e+00 8.797595190380762542e-01 4.302217318893932219e-01 1.911921076930498120e-01 3.671560185472985682e-01 1.143014187025834065e-02
3.251828922011926970e+00 8.937875751503006061e-01 4.267469212913944099e-01 1.897031200193314560e-01 3.716216690322636240e-01 1.192828965701054136e-02
2.992078666707056911e+00 9.078156312625251800e-01 4.229751077965762662e-01 1.882933673524785079e-01 3.762645151250369469e-01 1.246700972590839181e-02
3.734048525727360790e+00 9.218436873747495319e-01 4.192195461337455686e-01 1.867770265401494101e-01 3.809730382342223498e-01 1.303038909188262463e-02
3.079255069609964757e+00 9.358717434869738838e-01 4.150455831778904758e-01 1.852282651376041533e-01 3.861149253266021319e-01 1.361122635790324581e-02
2.503642219692909343e+00 9.498997995991984578e-01 4.109871562474919915e-01 1.837028526948840668e-01 3.910788160677808878e-01 1.423117498984297763e-02
3.545298979432615738e+00 9.639278557114228096e-01 4.066849285214846343e-01 1.821315506111327864e-01 3.963196720775239990e-01 1.486384878985868262e-02
2.291430418101505051e+00 9.779559118236473836e-01 4.023286287071367595e-01 1.806122489906073769e-01 4.015309129991718184e-01 1.552820930308405727e-02
3.928190898128580244e+00 9.919839679358717355e-01 3.979352495702993542e-01 1.790342289076113647e-01 4.067848372469022866e-01 1.624568427518706046e-02
3.673636978541745091e+00 1.006012024048096087e+00 3.928454730586761201e-01 1.774598980918525859e-01 4.127198446893595163e-01 1.697478416011168750e-02
2.749681077277759123e+00 1.020040080160320883e+00 3.882208882639182068e-01 1.757515204220273519e-01 4.182865693711428912e-01 1.774102194291153275e-02
4.034033039232740592e+00 1.034068136272545235e+00 3.833165014325993214e-01 1.741591601507273546e-01 4.239663583331440000e-01 1.855798008352938649e-02
3.275096347002507180e+00 1.048096192384769587e+00 3.784227510476421141e-01 1.725279690832736690e-01 4.296603540754127537e-01 1.938892579367144930e-02
2.404555698657080853e+00 1.062124248496993939e+00 3.731134426142644900e-01 1.708264314351525537e-01 4.357902602109255952e-01 2.026986573965738545e-02
2.668150030769174119e+00 1.076152304609218291e+00 3.679966687645421786e-01 1.690071588156882298e-01 4.418088544290171282e-01 2.118731799075251887e-02
4.460889210453131248e+00 1.090180360721443087e+00 3.624407401238821658e-01 1.673627929863698016e-01 4.480407610295666920e-01 2.215570586018144120e-02
4.129941245596285171e+00 1.104208416833667439e+00 3.569749639824981169e-01 1.655380273095381216e-01 4.543291942829949526e-01 2.315781442496868403e-02
2.470524785115150834e+00 1.118236472945891791e+00 3.513595324195171177e-01 1.636284379618197227e-01 4.608286529296460321e-01 2.418337668901714838e-02
4.361963041615596559e+00 1.132264529058116143e+00 3.455646975836363932e-01 1.617983115349315160e-01 4.673428556225591168e-01 2.529413525887289418e-02
3.860452564506949624e+00 1.146292585170340494e+00 3.396928088199933082e-01 1.600268639244608881e-01 4.738484946084894900e-01 2.643183264705635874e-02
3.012646902057801057e+00 1.160320641282565290e+00 3.337622057249764462e-01 1.582414157905756846e-01 4.803741882069656466e-01 2.762219027748219827e-02
4.235359829897458184e+00 1.174348697394789642e+00 3.277267239247618202e-01 1.563189295848761429e-01 4.870980259453177030e-01 2.885632054504438243e-02
4.530064095600464746e+00 1.188376753507013994e+00 3.215971019720155755e-01 1.543318333344110838e-01 4.939330015715062694e-01 3.013806312206706098e-02
3.175566024197921777e+00 1.202404809619238346e+00 3.153971677045478983e-01 1.522672099341697005e-01 5.008644533457197179e-01 3.147116901556269719e-02
3.022443997275132688e+00 1.216432865731463142e+00 3.090814897819090801e-01 1.503482835790554140e-01 5.076751693255798781e-01 3.289505731345563483e-02
2.569265210711148217e+00 1.230460921843687494e+00 3.028909141142028805e-01 1.482837476429167967e-01 5.144596294673702275e-01 3.436570877551010927e-02
4.148835988506852424e+00 1.244488977955911846e+00 2.964595948737626108e-01 1.462521697611234850e-01 5.214196915000010035e-01 3.586854386511292847e-02
4.729908857570821468e+00 1.258517034068136198e+00 2.900017017240171247e-01 1.440792329297918284e-01 5.285089894874371863e-01 3.741007585875379821e-02
4.013269453572185341e+00 1.272545090180360550e+00 2.834349132551903794e-01 1.420379689330359130e-01 5.354560471130002108e-01 3.907107069877353150e-02
4.318672398176620852e+00 1.286573146292585346e+00 2.769215130683536086e-01 1.398963346522973661e-01 5.424127342703586319e-01 4.076941800899036572e-02
4.471573121757769442e+00 1.300601202404809698e+00 2.705310414258085827e-01 1.376607017672109856e-01 5.493054104691081907e-01 4.250284633787228261e-02
4.662472837060366082e+00 1.314629258517034049e+00 2.641440189488300505e-01 1.354864806546183520e-01 5.560439321908211552e-01 4.432556820573037987e-02
4.767511691743397506e+00 1.328657314629258401e+00 2.572720522466371840e-01 1.332478342546150607e-01 5.632595874306263184e-01 4.622052606812152714e-02
4.085415846399228279e+00 1.342685370741483197e+00 2.506241778727238967e-01 1.309535729784762070e-01 5.702414517546003925e-01 4.818079739419950380e-02
3.705766146291326724e+00 1.356713426853707549e+00 2.442034882059589962e-01 1.287800298273025779e-01 5.768549257781186990e-01 5.016155618861968535e-02
4.446415567910528388e+00 1.370741482965931901e+00 2.375574902666706678e-01 1.264723700944968832e-01 5.836787828354009777e-01 5.229135680343146436e-02
3.158919897514285147e+00 1.384769539078156253e+00 2.310069287083964806e-01 1.241262808973052217e-01 5.904367229223627112e-01 5.443006747193558648e-02
4.867965117287943677e+00 1.398797595190380605e+00 2.244590694585605894e-01 1.218239049313172978e-01 5.970353535698468272e-01 5.668167204027527856e-02
4.576862862249754471e+00 1.412825651302605401e+00 2.179355804751827441e-01 1.195006069687822581e-01 6.035600829423444225e-01 5.900372961369061003e-02
3.157351730344780449e+00 1.426853707414829753e+00 2.114765624396316435e-01 1.171445949484026527e-01 6.100206347162859810e-01 6.135820789567963951e-02
3.423228879506383215e+00 1.440881763527054105e+00 2.049284641763755022e-01 1.148334316459782845e-01 6.164218954016910113e-01 6.381620877595517438e-02
4.838673751698398640e+00 1.454909819639278457e+00 1.985342834991529470e-01 1.124220505407481918e-01 6.226636427458475120e-01 6.638002321425136298e-02
4.304673385733986279e+00 1.468937875751502808e+00 1.922617979063386551e-01 1.100678311663704917e-01 6.287132374496752218e-01 6.895713347761556200e-02
3.216713051591324923e+00 1.482965931863727604e+00 1.859118319231108374e-01 1.075910637708555190e-01 6.348849316407331189e-01 7.161217266530046921e-02
3.785480201463136130e+00 1.496993987975951956e+00 1.799217886260812138e-01 1.052466722357241341e-01 6.404346929873199201e-01 7.439684615087475972e-02
3.529705033786300294e+00 1.511022044088176308e+00 1.736511242751157813e-01 1.028525017475504233e-01 6.462338645707158546e-01 7.726250940661794075e-02
3.526486741351116727e+00 1.525050100200400660e+00 1.675919365089713065e-01 1.005256891736326652e-01 6.517162810312934207e-01 8.016609328610264928e-02
3.888171262780159676e+00 1.539078156312625456e+00 1.617043757162293927e-01 9.810836243727469319e-02 6.570276518635423946e-01 8.315960998295342244e-02
3.265606802016829846e+00 1.553106212424849808e+00 1.558232612188663602e-01 9.567049076896604054e-02 6.623169440739931080e-01 8.618930393817442193e-02
3.916823023124111014e+00 1.567134268537074160e+00 1.500122653046895294e-01 9.328243542776440411e-02 6.673834909807270233e-01 8.932180828681902940e-02
3.523941557662851665e+00 1.581162324649298512e+00 1.444978106015282482e-01 9.097186667670807692e-02 6.719465285780001906e-01 9.258379414376335936e-02
3.755258986542004518e+00 1.595190380761522864e+00 1.388627251307480992e-01 8.865616110489966950e-02 6.765600771503429423e-01 9.592103661400934456e-02
3.946302559652092423e+00 1.609218436873747660e+00 1.335509938133304098e-01 8.632799836769142199e-02 6.808907896256375381e-01 9.923021819334065796e-02
2.983115544468807112e+00 1.623246492985972012e+00 1.282396849436232833e-01 8.402356537418574634e-02 6.849792311456116556e-01 1.027575185365793980e-01
4.464476960586548415e+00 1.637274549098196363e+00 1.230625171558416137e-01 8.167961386737221385e-02 6.890189393214929403e-01 1.062389296552932599e-01
1.411346392653385629e-01 1.651302605210420715e+00 1.180201021677227402e-01 7.948189909815155108e-02 6.925956224121249116e-01 1.099023763220006583e-01
1.071474762917133394e-01 1.665330661322645511e+00 1.131031776903393266e-01 7.720760418374555956e-02 6.961704571458687818e-01 1.135187609800463737e-01
3.232725591635439599e+00 1.679358717434869863e+00 1.083335141626831505e-01 7.496853598556454945e-02 6.993176366802495991e-01 1.173803131715027565e-01
4.369758037728801447e+00 1.693386773547094215e+00 1.037037026677778834e-01 7.277142643414495626e-02 7.023650132857192085e-01 1.211598576123578408e-01
4.306970129177593698e+00 1.707414829659318567e+00 9.921393159651323290e-02 7.059865601482907815e-02 7.051366248527659586e-01 1.250507875358918830e-01
4.796063822681014166e+00 1.721442885771542919e+00 9.477530767089477337e-02 6.850521064105151436e-02 7.076195711258785881e-01 1.290999105621750132e-01
4.128560230403375719e+00 1.735470941883767715e+00 9.051141460364374447e-02 6.636752204432903868e-02 7.098905402251851626e-01 1.332305231268420265e-01
3.372331371765536101e+00 1.749498997995992067e+00 8.639889930220806535e-02 6.430656672997185630e-02 7.119841578838618235e-01 1.373103760839581577e-01
3.535816348547127674e+00 1.763527054108216419e+00 8.242071034153919395e-02 6.226187659375327643e-02 7.137802999125943959e-01 1.415371131521132031e-01
4.280260916769713653e+00 1.777555110220440771e+00 7.863952763474579832e-02 6.032552622690808691e-02 7.151947649374943428e-01 1.458401812008516540e-01
4.160223166228099956e+00 1.791583166332665567e+00 7.485758886553127434e-02 5.835328594233567950e-02 7.165655409303508527e-01 1.502235842617821449e-01
4.306733832510373006e+00 1.805611222444889918e+00 7.135305040161002421e-02 5.641393236170030162e-02 7.175970950430268225e-01 1.546359221936630113e-01
4.149438567700251213e+00 1.819639278557114270e+00 6.790654323889701305e-02 5.457839514927238789e-02 7.182104286150723382e-01 1.593046329967582053e-01
4.499815231709629160e+00 1.833667334669338622e+00 6.462641068177202297e-02 5.272122324258177867e-02 7.186923759658035982e-01 1.639599901098424128e-01
4.546732986730869008e+00 1.847695390781562974e+00 6.140711690608816747e-02 5.087530419028585271e-02 7.192656655694517065e-01 1.684519133341743080e-01
4.707621630197123430e+00 1.861723446893787770e+00 5.835363744570750549e-02 4.915897157491232183e-02 7.192260423919698553e-01 1.732613485874102688e-01
4.102127807852550490e+00 1.875751503006012122e+00 5.536895996991817587e-02 4.740674896908284031e-02 7.192347181713703019e-01 1.779895728896286333e-01
4.484459654028102094e+00 1.889779559118236474e+00 5.260221745713981184e-02 4.576980149338592818e-02 7.187657820233491757e-01 1.828621990261251606e-01
4.439833926061368174e+00 1.903807615230460826e+00 4.985242926897581750e-02 4.411990018058289248e-02 7.181989728943782847e-01 1.878286976560631094e-01
1.479259180332213379e-07 1.917835671342685622e+00 4.729447375062836856e-02 4.254846856378185355e-02 7.172765924690115424e-01 1.928804652165783673e-01
4.595686668523748963e+00 1.931863727454909974e+00 4.484460342351498374e-02 4.097256354610179230e-02 7.162296602014590619e-01 1.979531728289242176e-01
7.314112151503007253e-07 1.945891783567134325e+00 4.243723800138310409e-02 3.945870011536117133e-02 7.149949336806328271e-01 2.031091282026228906e-01
3.532399564502927802e+00 1.959919839679358677e+00 4.018952044522031142e-02 3.798579016239758688e-02 7.134745104792370451e-01 2.083501789131451121e-01
4.700097897574451622e+00 1.973947895791583029e+00 3.800096421650106526e-02 3.656891812041349055e-02 7.117865770966937955e-01 2.136435405663917042e-01
4.289831811019999996e+00 1.987975951903807825e+00 3.597930062302553966e-02 3.518575308110410277e-02 7.098859789174255530e-01 2.189489673784448531e-01
5.862731951273486564e-01 2.002004008016032177e+00 3.401238787318894979e-02 3.382975473121827698e-02 7.077729441913467312e-01 2.243849132042460837e-01
1.215859487066316256e-09 2.016032064128256529e+00 3.215025078002868575e-02 3.253770199685494108e-02 7.054044376438808328e-01 2.299076095792353669e-01
4.713474020870063619e+00 2.030060120240480881e+00 3.038193261384004515e-02 3.128077734029630769e-02 7.029731234852633071e-01 2.353641665606002187e-01
3.345409138449919162e+00 2.044088176352705233e+00 2.868758335429019354e-02 3.007628861663046854e-02 6.999923077155252304e-01 2.412438203135542358e-01
4.491263535273142815e-01 2.058116232464930029e+00 2.709216125274600123e-02 2.889747350313594601e-02 6.970131500488528919e-01 2.469972151952651573e-01
3.714216967107708545e+00 2.072144288577154381e+00 2.555055304071630895e-02 2.772979175640119531e-02 6.941266367153928751e-01 2.525930184874896622e-01
4.869994659455858965e+00 2.086172344689378733e+00 2.412324385087428677e-02 2.663718265577514829e-02 6.907997808143602203e-01 2.584397926789903099e-01
3.920285953081699449e-07 2.100200400801603084e+00 2.271902216393838214e-02 2.554410916059290937e-02 6.876557434615939712e-01 2.640811252138748899e-01
2.923883358080267136e-12 2.114228456913827880e+00 2.142834174142954282e-02 2.451941383424355303e-02 6.838953635554210209e-01 2.701568808689057688e-01
8.726352973934476837e-13 2.128256513026052232e+00 2.020957900725027859e-02 2.351468894348742247e-02 6.800479543323900700e-01 2.762277777168721249e-01
3.509480183285722976e+00 2.142284569138276584e+00 1.901913676924899335e-02 2.255303282930734912e-02 6.762257325463255642e-01 2.822020978551180725e-01
4.185570158516014772e+00 2.156312625250500936e+00 1.793035553968768542e-02 2.163307503081412023e-02 6.721522424975676646e-01 2.882843269319305124e-01
4.655913605832489921e+00 2.170340681362725288e+00 1.687327619021070785e-02 2.073239780772857463e-02 6.678608771926994869e-01 2.945334488093612757e-01
3.796511708480911906e+00 2.184368737474950084e+00 1.589451496607421216e-02 1.986707657529564186e-02 6.634854908231334614e-01 3.007529176354966083e-01
4.166552651424456855e+00 2.198396793587174436e+00 1.494658801329232234e-02 1.903709855411510679e-02 6.588837951955629491e-01 3.071325182370296392e-01
4.766578939903231671e+00 2.212424849699398788e+00 1.407000283442401932e-02 1.825284358340247340e-02 6.542442936742356441e-01 3.134328599079378441e-01
7.925779382016626129e-02 2.226452905811623140e+00 1.323676399164901672e-02 1.746946717641598840e-02 6.495034297132480372e-01 3.197903391186868727e-01
4.006083138908942409e+00 2.240480961923847936e+00 1.244224145970167401e-02 1.673442899295301753e-02 6.447322533041418557e-01 3.260910762432034371e-01
4.565310828930791764e+00 2.254509018036072288e+00 1.170343967061279397e-02 1.601701632808674725e-02 6.395540498434481025e-01 3.327254941578522973e-01
4.842543415635415904e+00 2.268537074148296639e+00 1.099234787692281341e-02 1.531936871384445911e-02 6.345452731313665495e-01 3.391430102778661415e-01
1.757261003531096001e-12 2.282565130260520991e+00 1.033228793188012071e-02 1.465872679132335099e-02 6.290816504997616132e-01 3.459273347770349116e-01
0.000000000000000000e+00 2.296593186372745343e+00 9.712628019115892089e-03 1.402706065615430889e-02 6.237098973201454788e-01 3.525504140045843671e-01
4.800230684010181825e+00 2.310621242484970139e+00 9.121399263349752248e-03 1.340796891597705216e-02 6.183914167482773561e-01 3.590792150723958742e-01
9.902536369301122576e-01 2.324649298597194491e+00 8.565903209832014323e-03 1.282698034726606484e-02 6.126761721945361838e-01 3.659309442483658081e-01
0.000000000000000000e+00 2.338677354709418843e+00 8.037313685577168743e-03 1.226259587071591023e-02 6.070995794767550802e-01 3.726005109669519588e-01
5.084301997658320266e-10 2.352705410821643195e+00 7.553990398354919374e-03 1.173211968615047243e-02 6.012706666441299808e-01 3.794432232713645936e-01
3.803869192774362862e+00 2.366733466933867547e+00 7.090011920063683457e-03 1.121957140398119508e-02 5.953886515243220767e-01 3.863017651516331141e-01
0.000000000000000000e+00 2.380761523046092343e+00 6.655887431078549681e-03 1.072050569890552543e-02 5.893479995634086643e-01 3.932756073066072111e-01
4.064489127483908425e-09 2.394789579158316695e+00 6.245883452065309482e-03 1.024480972702584113e-02 5.832224623236843541e-01 4.002868444972246253e-01
4.232580725842764124e+00 2.408817635270541047e+00 5.855013192105086237e-03 9.785928580681528197e-03 5.770790788247358583e-01 4.072799794024773989e-01
1.927036310159111227e-11 2.422845691382765398e+00 5.502924346263711464e-03 9.347555388159154571e-03 5.707060712174396588e-01 4.144434490481375688e-01
1.107203805961501364e-02 2.436873747494990194e+00 5.157070334466512355e-03 8.927264179659230928e-03 5.648029656232934625e-01 4.211126998625807083e-01
3.810562201770298696e+00 2.450901803607214546e+00 4.839184858650967015e-03 8.530359337877916129e-03 5.582881106164397922e-01 4.283423451870313481e-01
1.123545700926970190e-13 2.464929859719438898e+00 4.542893156287560255e-03 8.146213574850444394e-03 5.518194666985652974e-01 4.354914265702967691e-01
4.433048059801469876e+00 2.478957915831663250e+00 4.259986245963666429e-03 7.782206562491606090e-03 5.453853540684427958e-01 4.425724531231019498e-01
0.000000000000000000e+00 2.492985971943887602e+00 3.994423745084145841e-03 7.426841586938091877e-03 5.385510488707917487e-01 4.500276857971860500e-01
3.966321970779123074e+00 2.507014028056112398e+00 3.744046598935689679e-03 7.084095175003641241e-03 5.321638933182626374e-01 4.570079649077980477e-01
4.711764423052286859e-10 2.521042084168336750e+00 3.512728428977970451e-03 6.766823060620742736e-03 5.254298724588866154e-01 4.642905760515146918e-01
1.842126453075759549e-11 2.535070140280561102e+00 3.294451813836573977e-03 6.455487619552871884e-03 5.188536848815170632e-01 4.713963756850935161e-01
1.576123943307566845e-03 2.549098196392785454e+00 3.088213736733996968e-03 6.160364445539996160e-03 5.121412027545576562e-01 4.786102190631683628e-01
4.811246571311270870e+00 2.563126252505010250e+00 2.895184646707997349e-03 5.882673890085968194e-03 5.052983516855897861e-01 4.859237897776162440e-01
4.112387644312411439e+00 2.577154308617234602e+00 2.715535325819192630e-03 5.607790763817781243e-03 4.986867550791905246e-01 4.929899188311724356e-01
4.096450975841281483e+00 2.591182364729458953e+00 2.546961339371545553e-03 5.349713960870044853e-03 4.917335934106562556e-01 5.003697312891022264e-01
1.918465386570673049e-13 2.605210420841683305e+00 2.387349498914839545e-03 5.103664195869956482e-03 4.849460899427419647e-01 5.075628963624732037e-01
4.770909043019096352e+00 2.619238476953907657e+00 2.238208803006766761e-03 4.871966109687877848e-03 4.779291049064259833e-01 5.149607201808793500e-01
3.626658488416244079e-08 2.633266533066132453e+00 2.100281917418155182e-03 4.646047394746350562e-03 4.711803634581601119e-01 5.220733072296752653e-01
4.506903065143400333e+00 2.647294589178356805e+00 1.968941899094368495e-03 4.431202117351412846e-03 4.641151096538718712e-01 5.294847463296822321e-01
4.565157814404321890e+00 2.661322645290581157e+00 1.844559619763780399e-03 4.224627165993781117e-03 4.572441454213528877e-01 5.366866677928895379e-01
4.369980633860889974e+00 2.675350701402805509e+00 1.730570676804759874e-03 4.028174126357313319e-03 4.504244436941696184e-01 5.438168115026683624e-01
8.046822552071972723e-01 2.689378757515030305e+00 1.622009728699327219e-03 3.839172755001810707e-03 4.435169644398862521e-01 5.510218530764126044e-01
0.000000000000000000e+00 2.703406813627254657e+00 1.522043803039947740e-03 3.661122364083807101e-03 4.364052693289593443e-01 5.584115645039169351e-01
0.000000000000000000e+00 2.717434869739479009e+00 1.426116456826553641e-03 3.490227087358936751e-03 4.294263446871044443e-01 5.656573117687100360e-01
