# Y X a0 a1 a2 a3
1.331790025314576464e+00 -1.000000000000000000e+00 7.824591202814150381e-02 8.916003158483357671e-01 2.952398583890145783e-02 6.297862846212065038e-04
1.193115106374653234e+00 -9.859719438877755371e-01 8.065402876914935792e-02 8.890104615630810558e-01 2.970669296957847288e-02 6.288166981910537235e-04
0.000000000000000000e+00 -9.719438877755510742e-01 8.301826759925251542e-02 8.864569113754517948e-01 2.989688760455680439e-02 6.279334207389170204e-04
2.069275825174795802e+00 -9.579158316633266113e-01 8.550150827577729373e-02 8.837819747177522167e-01 3.008934775578202617e-02 6.271692506885062071e-04
1.717801044660510534e+00 -9.438877755511021483e-01 8.804476147241736828e-02 8.810576717023077542e-01 3.027141974824144530e-02 6.261470770333706429e-04
0.000000000000000000e+00 -9.298597194388777964e-01 9.060716109177968658e-02 8.783089396346348554e-01 3.045839213632350190e-02 6.255071372619245640e-04
0.000000000000000000e+00 -9.158316633266533335e-01 9.338950713270116610e-02 8.753353675238729759e-01 3.064997202788381434e-02 6.251533155422327875e-04
0.000000000000000000e+00 -9.018036072144288706e-01 9.620509549904118773e-02 8.723236096534459083e-01 3.084627984527322717e-02 6.250150022396857913e-04
1.064476864531279876e+00 -8.877755511022044077e-01 9.900623807685791922e-02 8.693512218408887549e-01 3.101757974699147907e-02 6.249603352618024032e-04
3.614131107202029347e-01 -8.737474949899799448e-01 1.019485883364129181e-01 8.661909855507947675e-01 3.123524416195192985e-02 6.251819508405264758e-04
1.980830274555320514e-01 -8.597194388777554819e-01 1.049224472990086809e-01 8.630465101692742502e-01 3.140565157886417158e-02 6.253909528530777725e-04
0.000000000000000000e+00 -8.456913827655310190e-01 1.080799031974983559e-01 8.596956414258927204e-01 3.159834395891441411e-02 6.261114176945549925e-04
0.000000000000000000e+00 -8.316633266533066671e-01 1.111623060523660167e-01 8.564381079301632838e-01 3.177317879276168183e-02 6.264072247090229223e-04
2.459228625749339425e+00 -8.176352705410820931e-01 1.144487351809722608e-01 8.529520885425394550e-01 3.197141744777293876e-02 6.277588287153921696e-04
7.066490104081043500e-01 -8.036072144288577412e-01 1.177735048135523377e-01 8.494587113666752787e-01 3.213872541179956660e-02 6.290584079728548739e-04
7.100508956691984341e-01 -7.895791583166332783e-01 1.211745961320930265e-01 8.458984250466002885e-01 3.229788509767206328e-02 6.290937236346938900e-04
1.096964610785398753e+00 -7.755511022044088154e-01 1.245992260718482708e-01 8.422771676211664449e-01 3.249265230590284159e-02 6.309540010825100348e-04
0.000000000000000000e+00 -7.615230460921843525e-01 1.281675750193244645e-01 8.385272412299791256e-01 3.267287034547299018e-02 6.323134052232379015e-04
0.000000000000000000e+00 -7.474949899799598896e-01 1.318687382536523900e-01 8.346580126480210859e-01 3.283966245576729753e-02 6.335866425591554080e-04
1.308929844730390535e+00 -7.334669338677355377e-01 1.355694904455554406e-01 8.307872514570793232e-01 3.300732884204362477e-02 6.359292553215577628e-04
0.000000000000000000e+00 -7.194388777555109638e-01 1.393217893979342425e-01 8.268405885216870699e-01 3.319979153707337816e-02 6.378305433053098501e-04
1.275961280900269612e+00 -7.054108216432866119e-01 1.432490026173581510e-01 8.227706928620508453e-01 3.334038321164882468e-02 6.399213089421776140e-04
1.844763708924751278e+00 -6.913827655310621489e-01 1.472249276034048038e-01 8.186265654767547195e-01 3.350654046402149616e-02 6.419664558188516298e-04
2.110633659575601673e+00 -6.773547094188376860e-01 1.513913333302819852e-01 8.142766714976533704e-01 3.368727299656285729e-02 6.447221755015425772e-04
0.000000000000000000e+00 -6.633266533066132231e-01 1.555161035153185545e-01 8.100049924142216362e-01 3.383149198459329404e-02 6.474120858664603054e-04
1.298471729069574421e+00 -6.492985971943887602e-01 1.597091032488073270e-01 8.056481511071721391e-01 3.399273174079563142e-02 6.500139032249548565e-04
3.846961082667378351e-01 -6.352705410821642973e-01 1.639240885157601524e-01 8.012738688692861988e-01 3.414873841428511803e-02 6.533042006685987673e-04
7.040127634066940532e-01 -6.212424849699398344e-01 1.682700966681421606e-01 7.967880503421221894e-01 3.428557971612659905e-02 6.562732736089430885e-04
1.208113082480462008e+00 -6.072144288577154825e-01 1.727341412292481004e-01 7.921834509658699508e-01 3.442264031987784384e-02 6.597674850041519799e-04
8.762378354202950970e-01 -5.931863727454909085e-01 1.771351043016872462e-01 7.876638348030555736e-01 3.453849061557873190e-02 6.625702796783340068e-04
0.000000000000000000e+00 -5.791583166332665567e-01 1.816626311480972200e-01 7.829814490113807812e-01 3.468949280867771046e-02 6.664270318441238355e-04
2.159969833515460902e+00 -5.651302605210420937e-01 1.865114471108747785e-01 7.779555415452722444e-01 3.486261519189159247e-02 6.703961519613862606e-04
6.850274999004746235e-01 -5.511022044088176308e-01 1.913477993509688502e-01 7.730092052224937227e-01 3.496822551685716679e-02 6.747699096801764319e-04
1.936710970895675066e-01 -5.370741482965931679e-01 1.960211965294610947e-01 7.681904147516041004e-01 3.511037454740240787e-02 6.780141715325335152e-04
2.223713804503207214e+00 -5.230460921843687050e-01 2.008099796095477452e-01 7.632847406625548059e-01 3.522302401986598247e-02 6.822557080316257261e-04
0.000000000000000000e+00 -5.090180360721443531e-01 2.058810743582921987e-01 7.581046842897276594e-01 3.532710014101264617e-02 6.871412109674842044e-04
0.000000000000000000e+00 -4.949899799599197792e-01 2.108000224894944208e-01 7.530556879839617190e-01 3.545244245440993397e-02 6.918470721339285961e-04
2.880511742344957327e+00 -4.809619238476954273e-01 2.159646975984879924e-01 7.477880603900836087e-01 3.555038901793157458e-02 6.968529934968547461e-04
0.000000000000000000e+00 -4.669338677354709644e-01 2.209310394170736491e-01 7.427184961375287164e-01 3.564852920014326826e-02 7.019352452544108494e-04
2.498284767832562814e+00 -4.529058116232465014e-01 2.259941970942462297e-01 7.375444748790163096e-01 3.575454227258387935e-02 7.067857541537294046e-04
2.130024753827508111e+00 -4.388777555110220385e-01 2.313206873333701064e-01 7.321324037071965662e-01 3.583415015587982505e-02 7.127588035535727161e-04
5.399538484510066905e-01 -4.248496993987975756e-01 2.364809853734123613e-01 7.268616691033087385e-01 3.593948667095826083e-02 7.178588523206771814e-04
2.742213495869608497e+00 -4.108216432865731127e-01 2.417744224511412243e-01 7.214962219060793158e-01 3.600531903053885013e-02 7.240366122407013378e-04
0.000000000000000000e+00 -3.967935871743486498e-01 2.471042181478343702e-01 7.161002569356190728e-01 3.606583786666094776e-02 7.296870498857320692e-04
1.630702532698751761e-01 -3.827655310621242979e-01 2.526219247511601873e-01 7.104877027935392331e-01 3.615398429738832936e-02 7.363881579123339634e-04
9.233621917353208586e-01 -3.687374749498998350e-01 2.580889452000641460e-01 7.049491208709683931e-01 3.621957595662123053e-02 7.423579723462325232e-04
5.391700313291318825e-01 -3.547094188376753721e-01 2.633997200534172745e-01 6.995715622393091637e-01 3.627962810257267384e-02 7.490896047007369494e-04
0.000000000000000000e+00 -3.406813627254509091e-01 2.688340566670830989e-01 6.940799287997554412e-01 3.632974542595261702e-02 7.562691072088584959e-04
5.591958027440191437e-01 -3.266533066132264462e-01 2.741964533028339313e-01 6.886566677656931201e-01 3.638414492657014720e-02 7.627340049028433688e-04
2.696838865850117450e+00 -3.126252505010019833e-01 2.798597917357496523e-01 6.829665726590045116e-01 3.640334358128138187e-02 7.702920239644830708e-04
4.380478612134246219e-02 -2.985971943887775204e-01 2.852735507843539020e-01 6.774890592978757287e-01 3.645927869489325873e-02 7.781112228769684587e-04
0.000000000000000000e+00 -2.845691382765530575e-01 2.907310713748697539e-01 6.719704505480782464e-01 3.651266571428525565e-02 7.858123627665546335e-04
1.783481013470048060e+00 -2.705410821643285946e-01 2.962719808388792342e-01 6.663945856663683331e-01 3.653938682241772429e-02 7.940466723346553636e-04
2.248175128273341983e+00 -2.565130260521042427e-01 3.018865724712790910e-01 6.607745316145863246e-01 3.653707816966099420e-02 8.018177444736848724e-04
1.702094460670698250e+00 -2.424849699398797798e-01 3.072497302447497747e-01 6.553662255093070099e-01 3.657273962872618217e-02 8.113046172170174011e-04
2.621938422717302153e+00 -2.284569138276553169e-01 3.128057479948667674e-01 6.498156718852804437e-01 3.655823376267649388e-02 8.203463571763180452e-04
2.637698611912827840e+00 -2.144288577154308539e-01 3.182809436472756048e-01 6.442788084454097453e-01 3.661068540560575429e-02 8.295625017089621866e-04
0.000000000000000000e+00 -2.004008016032063910e-01 3.237968306661161977e-01 6.387586130598587042e-01 3.660640646905970186e-02 8.381498049654647828e-04
1.151493676603366101e+00 -1.863727454909819281e-01 3.292309535299207668e-01 6.333275841304930598e-01 3.659284076772020833e-02 8.486215718659766974e-04
0.000000000000000000e+00 -1.723446893787574652e-01 3.346576846299530450e-01 6.278828162664535917e-01 3.660050599897327755e-02 8.589931046202826589e-04
2.324232372771616595e-01 -1.583166332665331133e-01 3.400069431159976618e-01 6.225456585156170508e-01 3.657867020405930480e-02 8.687281643259621607e-04
1.827797609801901757e+00 -1.442885771543086504e-01 3.453431246413376510e-01 6.172072958196018755e-01 3.656946492635045759e-02 8.801146127099777894e-04
1.154271513147692607e+00 -1.302605210420841875e-01 3.506389164894729293e-01 6.118924263073873826e-01 3.657709168482808221e-02 8.915655183116449932e-04
0.000000000000000000e+00 -1.162324649298597246e-01 3.560483549397007730e-01 6.064817941118990641e-01 3.656597968759438266e-02 9.038712608057792013e-04
5.907041043899855515e-01 -1.022044088176352616e-01 3.610667297836424594e-01 6.015167024110498195e-01 3.650199798907412252e-02 9.145698162335247306e-04
3.101960665230596881e+00 -8.817635270541079873e-02 3.664329775829546776e-01 5.961228214072981091e-01 3.651644257604697019e-02 9.277584337001115126e-04
2.814821182025983859e+00 -7.414829659318633581e-02 3.715771734470789678e-01 5.910016583912287569e-01 3.648065683233966960e-02 9.405113293524965503e-04
1.587405810078060586e+00 -6.012024048096187290e-02 3.764163364623108188e-01 5.861818898939464839e-01 3.644813977098516899e-02 9.536338727575365513e-04
1.330393026331579964e+00 -4.609218436873740998e-02 3.813089805026660395e-01 5.813178156291083365e-01 3.640516932176639242e-02 9.680345464591746723e-04
1.654108609692664465e-03 -3.206412825651305809e-02 3.863900911941877681e-01 5.762693815250604645e-01 3.635919308125815791e-02 9.813341994936056016e-04
6.889707777628089058e-01 -1.803607214428859518e-02 3.912493450276169349e-01 5.714421914780086764e-01 3.631170780103521595e-02 9.967556933391347965e-04
1.785621927129008357e+00 -4.008016032064132261e-03 3.958018361981941458e-01 5.668862835721003579e-01 3.629983941906186201e-02 1.012040810643505089e-03
2.149511528166304419e+00 1.002004008016044168e-02 4.006123436190713871e-01 5.621097754949956338e-01 3.625055528599249038e-02 1.027325599940390926e-03
2.695855537028893689e+00 2.404809619238479357e-02 4.052809138855230087e-01 5.574859060803699640e-01 3.618874028662420056e-02 1.044439747483012423e-03
0.000000000000000000e+00 3.807615230460914546e-02 4.100567671059120456e-01 5.527286646917294322e-01 3.615408064176772740e-02 1.060487560590767315e-03
2.490794612621371584e+00 5.210420841683371940e-02 4.143675175773430808e-01 5.484661053014879828e-01 3.608818181472255721e-02 1.078195306446408071e-03
0.000000000000000000e+00 6.613226452905807129e-02 4.187984858424009249e-01 5.440517151334702817e-01 3.605253015797701965e-02 1.097268866151869179e-03
4.594832398308843630e-02 8.016032064128264523e-02 4.228892136039407168e-01 5.399724297366182979e-01 3.602192318293347129e-02 1.116433476507522468e-03
3.190477320173723097e+00 9.418837675350699712e-02 4.270991042534053594e-01 5.358124150446816891e-01 3.595248597292580173e-02 1.135994728987037164e-03
2.814631146013735652e+00 1.082164328657315711e-01 4.312114932606186946e-01 5.317656776768040494e-01 3.586631685046610951e-02 1.156512212111181865e-03
1.668852839633996110e+00 1.222444889779559229e-01 4.352031138420800471e-01 5.278131355075371678e-01 3.580679165241461293e-02 1.176958997968228756e-03
2.432366334698696342e+00 1.362725450901802748e-01 4.388058196715514114e-01 5.242316987881026069e-01 3.576398490941250230e-02 1.198496630933553516e-03
0.000000000000000000e+00 1.503006012024048488e-01 4.427414768951293267e-01 5.203376915771524835e-01 3.569843242392262833e-02 1.222399103795508528e-03
1.884253963165463952e-01 1.643286573146292007e-01 4.462584046785439407e-01 5.168302428503489532e-01 3.566568228969951154e-02 1.245670181407532379e-03
1.458502389407359545e-01 1.783567134268537746e-01 4.496041378515627240e-01 5.135424003383823877e-01 3.558333533922330982e-02 1.270126470831485456e-03
2.608386709285356098e+00 1.923847695390781265e-01 4.533141986096853593e-01 5.098504547736765202e-01 3.553993732761643459e-02 1.295409289021664211e-03
1.812833995096689410e+00 2.064128256513027004e-01 4.565866744077450301e-01 5.066236688654233156e-01 3.546776297158041324e-02 1.321893755251110549e-03
1.623051299895021504e+00 2.204408817635270523e-01 4.599092927932136310e-01 5.033083155134298048e-01 3.543242642454835084e-02 1.349965268808299684e-03
2.146072231619022386e+00 2.344689378757514042e-01 4.630426803624150267e-01 5.001954598738038715e-01 3.538358106361547128e-02 1.378278700165553716e-03
2.535298932298631236e+00 2.484969939879759782e-01 4.656837091636251702e-01 4.975818658837121156e-01 3.532629307598498386e-02 1.408131876677770058e-03
4.956419574883080825e-01 2.625250501002003300e-01 4.683889114879489779e-01 4.949055086471169096e-01 3.526705440914576495e-02 1.438525455788248249e-03
2.433289981645662348e+00 2.765531062124249040e-01 4.714181076634992307e-01 4.919084689456195147e-01 3.520231827477084130e-02 1.471105116110285344e-03
3.023526658312081228e+00 2.905811623246492559e-01 4.737914157095352574e-01 4.895534114937168946e-01 3.515120009412867758e-02 1.503972702619291862e-03
8.300166325154226254e-02 3.046092184368738298e-01 4.763542133598479555e-01 4.870320438086738202e-01 3.507437515951505186e-02 1.539367671963160931e-03
2.077037434571474606e+00 3.186372745490981817e-01 4.785442745071568083e-01 4.848507324420786579e-01 3.503021439873574283e-02 1.574778652028763432e-03
9.227717764886116114e-02 3.326653306613227556e-01 4.809851205000240104e-01 4.824060997935078476e-01 3.499632072698288798e-02 1.612458979485168094e-03
0.000000000000000000e+00 3.466933867735471075e-01 4.828666420822104177e-01 4.805109728121945700e-01 3.496929390541816951e-02 1.653091200176692692e-03
3.318410451011033935e+00 3.607214428857714594e-01 4.849828513459197299e-01 4.784378323260549681e-01 3.488721059056398843e-02 1.692105737461445381e-03
2.028045495137683396e+00 3.747494989979960334e-01 4.866181482265018454e-01 4.768071941398654423e-01 3.483926805150933809e-02 1.735389582123294389e-03
1.625554505642620162e+00 3.887775551102203853e-01 4.881721293588292543e-01 4.752547042211950901e-01 3.479494092103457836e-02 1.778225498941086394e-03
1.463544228815280679e+00 4.028056112224449592e-01 4.896803895321263367e-01 4.737441269833921331e-01 3.475032081106995546e-02 1.825162673411587742e-03
7.384171924605067439e-01 4.168336673346693111e-01 4.911898133171201941e-01 4.722165161585791249e-01 3.472019492783630368e-02 1.873475596464536713e-03
1.039045092553193550e+00 4.308617234468938850e-01 4.923034326363549540e-01 4.710955914623926044e-01 3.467829853750155344e-02 1.922677363750910709e-03
3.731706626483011213e+00 4.448897795591182369e-01 4.937924078897265034e-01 4.695814005519284851e-01 3.465176346921948480e-02 1.974428089125477691e-03
2.949279432622383457e+00 4.589178356713428109e-01 4.942617293229429332e-01 4.690979759546025085e-01 3.461129127564038094e-02 2.029003446814162202e-03
2.974430947855522422e+00 4.729458917835671627e-01 4.952595460977807229e-01 4.680769205311368086e-01 3.457703675627257084e-02 2.086496614809762746e-03
2.697139255353490306e+00 4.869739478957915146e-01 4.959285573909738565e-01 4.674090800868310747e-01 3.451803008776355847e-02 2.144332434431702513e-03
3.378399008561811634e+00 5.010020040080160886e-01 4.964077108237304192e-01 4.668830056234324899e-01 3.450326909619486765e-02 2.206014456642147337e-03
3.747242447078074079e+00 5.150300601202404405e-01 4.969416012431176477e-01 4.663390577464187614e-01 3.444996428666870919e-02 2.269376723795026116e-03
7.864704770391335309e-01 5.290581162324650144e-01 4.971039336841631129e-01 4.661256588183619876e-01 3.443506923746964682e-02 2.335338260005237563e-03
2.732089056500055069e+00 5.430861723446893663e-01 4.971439579290653499e-01 4.660333928936160053e-01 3.441642441628441768e-02 2.406224761034214156e-03
2.476061044688053769e+00 5.571142284569139402e-01 4.970268922987178817e-01 4.661040502347466030e-01 3.438940740393746365e-02 2.479650062598031703e-03
3.624543036371425053e+00 5.711422845691382921e-01 4.972490455713775570e-01 4.658196409011463035e-01 3.437665831383378279e-02 2.554655213642471195e-03
4.082524781900934485e+00 5.851703406813626440e-01 4.968937024023484250e-01 4.661131717863359891e-01 3.436088217520704563e-02 2.632243636108675105e-03
1.166747968817773567e-01 5.991983967935872180e-01 4.963991063469204157e-01 4.665545525082910316e-01 3.433020968206589030e-02 2.716131462722444229e-03
1.514834429305897512e+00 6.132264529058115698e-01 4.957627183494706657e-01 4.671148615261489501e-01 3.431858807639195236e-02 2.803832047988458285e-03
3.991754069289469520e+00 6.272545090180361438e-01 4.949408090269531435e-01 4.678567019997394438e-01 3.430897799062766068e-02 2.893510982679898137e-03
4.207060064644640440e-01 6.412825651302604957e-01 4.940496362145074261e-01 4.686928399905028186e-01 3.427248217268676761e-02 2.985041622302858459e-03
1.166742438649808200e+00 6.553106212424850696e-01 4.931166604088358385e-01 4.695618589127588671e-01 3.423644876556947853e-02 3.085031912835740821e-03
2.441808282661027896e+00 6.693386773547094215e-01 4.921407185538969609e-01 4.704412972489041000e-01 3.423089442412505928e-02 3.187089773073858989e-03
3.670227671457488405e+00 6.833667334669337734e-01 4.905940860100633238e-01 4.718907419639243872e-01 3.422141324998679429e-02 3.293758776025420502e-03
2.950610048455359014e+00 6.973947895791583473e-01 4.890672560895645282e-01 4.733401158295856836e-01 3.418498635915290934e-02 3.407641721696857105e-03
3.003246363280291931e+00 7.114228456913826992e-01 4.875851732969655461e-01 4.746726949613225277e-01 3.421870424854453474e-02 3.523427493167377144e-03
3.696459088753079603e-01 7.254509018036072732e-01 4.854823344071562130e-01 4.766820357754960047e-01 3.419053379759186273e-02 3.645096019755879671e-03
2.420210664100467923e+00 7.394789579158316251e-01 4.834881711360040635e-01 4.785339945016495733e-01 3.420399255818529910e-02 3.773841804160940963e-03
1.275520160516396162e+00 7.535070140280561990e-01 4.815956985254871148e-01 4.803305506343796827e-01 3.416754141999756023e-02 3.906209420135794107e-03
2.898311912501956300e+00 7.675350701402805509e-01 4.794696197943285054e-01 4.823280312132640080e-01 3.415819093676490670e-02 4.044158055642717818e-03
3.152687166568450383e+00 7.815631262525051248e-01 4.769805561995549836e-01 4.846908691067567387e-01 3.414059770117659071e-02 4.187976992511739834e-03
1.843309524631415730e+00 7.955911823647294767e-01 4.743991726350775817e-01 4.871158078954962445e-01 3.414623729026136645e-02 4.338782179164807351e-03
4.075732079109906092e-01 8.096192384769538286e-01 4.718128826033909373e-01 4.895739210132730723e-01 3.411339498793210245e-02 4.499801395403793362e-03
6.060701356786101224e-01 8.236472945891784025e-01 4.688034696452301753e-01 4.924462380904861547e-01 3.408825301239558347e-02 4.662039251887887918e-03
3.827628699501520515e+00 8.376753507014027544e-01 4.658900754347098383e-01 4.951856144100302282e-01 3.408857905894348284e-02 4.835731096316409940e-03
1.419734172174712317e+00 8.517034068136273284e-01 4.628044189253529561e-01 4.980916885827467167e-01 3.408781035627796857e-02 5.016082135622276263e-03
1.338998254154138756e+00 8.657314629258516803e-01 4.595558690057492957e-01 5.011444474954807049e-01 3.409229394476399194e-02 5.207389554006008371e-03
1.926785451394943616e+00 8.797595190380762542e-01 4.562145967246956646e-01 5.043256465524568188e-01 3.405762114837420501e-02 5.402135574473210938e-03
3.511940470509507861e+00 8.937875751503006061e-01 4.526535131655524680e-01 5.077187554356946686e-01 3.402418252570697799e-02 5.603548873045905397e-03
7.634682453102930033e-01 9.078156312625251800e-01 4.488850474087067166e-01 5.112768807672620763e-01 3.401635703430934410e-02 5.821714789721778825e-03
3.219640253718960565e+00 9.218436873747495319e-01 4.449859895927529285e-01 5.149743322841475734e-01 3.399604456396880525e-02 6.043633559130761300e-03
3.682989158742362878e+00 9.358717434869738838e-01 4.412026157982591457e-01 5.185610747075678484e-01 3.395668990647583013e-02 6.279619587697161942e-03
6.841237255431382724e-01 9.498997995991984578e-01 4.369069766527270415e-01 5.226446489162618336e-01 3.392802543391877645e-02 6.520348997092300682e-03
1.095896453934383397e+00 9.639278557114228096e-01 4.325455505739880802e-01 5.268069145113974949e-01 3.387116987107126331e-02 6.776365043543119970e-03
1.537984532962167084e+00 9.779559118236473836e-01 4.281470924575651593e-01 5.309569083130423195e-01 3.385464440071961345e-02 7.041354828672881719e-03
3.453039227716545589e+00 9.919839679358717355e-01 4.235701661355873449e-01 5.353056854015683097e-01 3.381022496958274032e-02 7.313923493261585175e-03
2.359868018681722468e+00 1.006012024048096087e+00 4.189944391115786315e-01 5.396430281675912433e-01 3.375705623382486281e-02 7.605476487005183479e-03
1.326528016967896573e+00 1.020040080160320883e+00 4.140101116971792727e-01 5.443857349531865397e-01 3.369741663326183273e-02 7.906736716372306240e-03
4.262792815603575036e+00 1.034068136272545235e+00 4.091948200512575684e-01 5.489235372356261466e-01 3.365917652562760293e-02 8.222466187488718450e-03
9.279877056786163259e-01 1.048096192384769587e+00 4.042792719152422665e-01 5.535713526878243140e-01 3.360029834387300018e-02 8.549077053060480033e-03
9.323060921712911231e-01 1.062124248496993939e+00 3.990321914090678712e-01 5.585657749117211024e-01 3.351351554909322988e-02 8.888518130117775695e-03
1.693723458348448840e+00 1.076152304609218291e+00 3.934592566383862122e-01 5.638625201625143690e-01 3.344026326566189311e-02 9.237959933437541252e-03
3.567558036169162339e+00 1.090180360721443087e+00 3.879954422194670793e-01 5.690356164068957057e-01 3.335768846825977463e-02 9.611252905377587821e-03
2.045114867988531593e+00 1.104208416833667439e+00 3.827539053672407432e-01 5.739744369177512961e-01 3.327736685484574547e-02 9.994290860162298451e-03
1.124389139289824868e+00 1.118236472945891791e+00 3.770497753858799705e-01 5.793550294287687086e-01 3.319647744710726295e-02 1.039871773824391048e-02
3.122063544516757716e+00 1.132264529058116143e+00 3.712050697809403665e-01 5.849050305141509920e-01 3.307691220210207117e-02 1.081298750280673335e-02
3.458725266261239106e+00 1.146292585170340494e+00 3.652491760569382406e-01 5.905185284511590416e-01 3.299281676991591694e-02 1.123947872198687546e-02
3.262610398231741371e+00 1.160320641282565290e+00 3.593436016948794443e-01 5.960807982026382623e-01 3.287367829345937825e-02 1.170192180902299324e-02
3.168753303070160676e+00 1.174348697394789642e+00 3.534085953982294415e-01 6.017032834544426834e-01 3.271933938332549641e-02 1.216878176400248805e-02
9.521641847912194478e-01 1.188376753507013994e+00 3.470820556989258621e-01 6.076349693257633300e-01 3.261793723468926071e-02 1.266503774062162531e-02
1.505372429034106840e+00 1.202404809619238346e+00 3.410469091755908289e-01 6.133196759669408138e-01 3.246843983835762115e-02 1.316497501911068936e-02
3.442948442708433809e+00 1.216432865731463142e+00 3.346866216792038218e-01 6.192972886065905014e-01 3.232905425694698048e-02 1.368703545725880218e-02
1.977941751442837237e+00 1.230460921843687494e+00 3.284743569502328597e-01 6.251337000545712508e-01 3.216091111944802822e-02 1.423103187574769994e-02
1.333274781807982645e+00 1.244488977955911846e+00 3.218567241947402069e-01 6.313453420905708047e-01 3.199560405232650118e-02 1.480232966236260349e-02
2.231038280928048234e+00 1.258517034068136198e+00 3.155913841962324495e-01 6.372148752220296863e-01 3.180381143907830971e-02 1.538992914265945901e-02
3.956099773143926690e+00 1.272545090180360550e+00 3.089971247761345574e-01 6.433919294296180924e-01 3.162197922434740321e-02 1.598896656990007534e-02
3.471483204846089521e+00 1.286573146292585346e+00 3.024464811424064647e-01 6.495067319904889169e-01 3.142458877101100140e-02 1.662219809609354407e-02
2.999255193976826828e+00 1.300601202404809698e+00 2.959080888883492966e-01 6.556125761293857268e-01 3.122206173173675339e-02 1.725727325052820588e-02
2.468395114295252490e+00 1.314629258517034049e+00 2.893163852281546156e-01 6.617256455446661745e-01 3.100846408972198626e-02 1.794950513745711268e-02
4.062134726633933823e+00 1.328657314629258401e+00 2.825871340812844967e-01 6.679761344803955003e-01 3.078778529509386755e-02 1.864894614322603478e-02
1.565924235272614595e+00 1.342685370741483197e+00 2.758762485298099643e-01 6.742141688444400760e-01 3.055125557476092921e-02 1.935832705098915196e-02
1.569258426024030761e+00 1.356713426853707549e+00 2.692435040560059445e-01 6.803727267449738436e-01 3.029122217709626433e-02 2.009254702192374981e-02
9.184948997155442107e-01 1.370741482965931901e+00 2.625751552950448819e-01 6.865132287742535810e-01 3.003655716763137945e-02 2.087505876307006389e-02
3.759859917234043003e+00 1.384769539078156253e+00 2.559631160521479987e-01 6.925837470822505670e-01 2.977466979982977199e-02 2.167846706577170393e-02
4.772500370436619122e+00 1.398797595190380605e+00 2.493130935471768728e-01 6.987050019656062538e-01 2.948874553402288864e-02 2.249315895319389455e-02
3.301212117144220581e+00 1.412825651302605401e+00 2.425599523952838843e-01 7.049090203092910345e-01 2.920358785366088464e-02 2.332743944176419310e-02
1.619281195400056550e+00 1.426853707414829753e+00 2.360910361831242699e-01 7.108094099460121607e-01 2.891651348701308397e-02 2.418304038385060001e-02
4.290095718659184598e+00 1.440881763527054105e+00 2.295288436590577630e-01 7.167788818891632774e-01 2.860120639111541144e-02 2.509106806066341289e-02
4.136775846725543992e+00 1.454909819639278457e+00 2.229985960654941590e-01 7.227065642043434268e-01 2.826960289939367543e-02 2.602523683076887404e-02
4.751330758972836854e+00 1.468937875751502808e+00 2.165349387394281400e-01 7.285062205399061019e-01 2.798430484069340529e-02 2.697453587997241178e-02
2.369207207420754635e+00 1.482965931863727604e+00 2.100909502873838652e-01 7.343024042047439082e-01 2.765499638041031896e-02 2.795164912746193539e-02
3.222637434602277473e+00 1.496993987975951956e+00 2.036737322343296075e-01 7.400488108481749761e-01 2.731960934391285817e-02 2.895784757358250971e-02
3.209225341743321192e+00 1.511022044088176308e+00 1.973550854269920940e-01 7.457215886353933954e-01 2.696424003788148310e-02 2.995908589973314204e-02
4.042519022948666496e+00 1.525050100200400660e+00 1.913052692536719446e-01 7.510185161375628748e-01 2.663507632427215832e-02 3.104113828449319920e-02
1.434322772060006468e+00 1.539078156312625456e+00 1.850492416654029304e-01 7.565871686818211872e-01 2.624925767314630759e-02 3.211433197962965114e-02
1.437244078425693239e+00 1.553106212424849808e+00 1.790496906207145744e-01 7.618031041515807011e-01 2.589979446170777300e-02 3.324741076599684736e-02
4.682327966836663080e+00 1.567134268537074160e+00 1.729902448702210771e-01 7.671576765339989112e-01 2.548875488023880434e-02 3.436332371554102344e-02
1.858010650742473402e+00 1.581162324649298512e+00 1.670836660929245487e-01 7.722693149175150484e-01 2.511106763110128662e-02 3.553595135845899478e-02
3.364152371690295684e+00 1.595190380761522864e+00 1.613751378714167461e-01 7.771531154357650406e-01 2.474768196424463954e-02 3.672406472857347309e-02
4.121770122313204610e+00 1.609218436873747660e+00 1.556355790306575282e-01 7.820480769490975037e-01 2.435348945265904466e-02 3.796285456758575344e-02
2.496167885940973719e+00 1.623246492985972012e+00 1.501846391724983576e-01 7.866380683938187790e-01 2.395685609609007546e-02 3.922043633759271508e-02
3.338324685014080639e+00 1.637274549098196363e+00 1.446958260432917864e-01 7.912892423721609170e-01 2.354976893299264018e-02 4.046516265155460784e-02
3.470850399455685409e+00 1.651302605210420715e+00 1.393231116264588842e-01 7.957472229168174316e-01 2.312911753966110512e-02 4.180054791706250272e-02
3.620298293538561918e+00 1.665330661322645511e+00 1.341453944374488838e-01 8.000075824024118765e-01 2.273127886025272382e-02 4.311574429988640489e-02
4.868017717764271168e+00 1.679358717434869863e+00 1.290166367233292477e-01 8.041466899541045432e-01 2.233374961162837638e-02 4.450292371093773902e-02
2.518128256522820241e+00 1.693386773547094215e+00 1.240840033127403874e-01 8.081383145978660032e-01 2.190743042680400737e-02 4.587025166258959508e-02
1.327384520083629837e+00 1.707414829659318567e+00 1.191627469869248890e-01 8.120319422862137815e-01 2.149602458322266707e-02 4.730928614363869716e-02
3.259071479840735641e+00 1.721442885771542919e+00 1.144575003317785528e-01 8.157464982868389836e-01 2.106737643182824207e-02 4.872862494955417650e-02
3.228745996555401732e+00 1.735470941883767715e+00 1.098217475365865503e-01 8.193681772096909066e-01 2.065134673276564775e-02 5.015872852095695777e-02
2.012465222328609471e+00 1.749498997995992067e+00 1.052975871104331329e-01 8.228134665954404126e-01 2.021529355116013019e-02 5.167365274296635558e-02
3.393835643527119306e+00 1.763527054108216419e+00 1.009864345932517948e-01 8.259952895852925581e-01 1.979938522000214071e-02 5.321889060145328088e-02
1.891372706318460661e+00 1.777555110220440771e+00 9.680402835021993668e-02 8.290243390210617624e-01 1.939291979895420293e-02 5.477871282976426448e-02
1.312973363668687998e+00 1.791583166332665567e+00 9.267327423888567506e-02 8.320213216731225936e-01 1.895741837460649531e-02 5.634798571338547890e-02
1.659108798048651856e+00 1.805611222444889918e+00 8.877797880151835908e-02 8.346735641182845278e-01 1.857196890776613082e-02 5.797648817243104130e-02
3.881313866178791816e+00 1.819639278557114270e+00 8.491459264869032075e-02 8.373858433174009575e-01 1.813689467165765026e-02 5.956266936225092234e-02
3.584014918957774576e+00 1.833667334669338622e+00 8.124627297470184140e-02 8.397752753127303293e-01 1.773183000644193430e-02 6.124662170612596435e-02
3.157026543124162199e+00 1.847695390781562974e+00 7.760114621754625464e-02 8.421387092915776362e-01 1.732057664744554581e-02 6.293956784343057720e-02
2.473373554940212049e+00 1.861723446893787770e+00 7.412151035477276828e-02 8.443935211594238988e-01 1.691232473963598729e-02 6.457264374616733527e-02
3.699484228653957096e+00 1.875751503006012122e+00 7.082853611251380133e-02 8.462791341825930402e-01 1.650044661279306477e-02 6.639188309210013184e-02
4.657307941412489605e+00 1.889779559118236474e+00 6.758450800089563226e-02 8.481912491472826110e-01 1.610097804734992449e-02 6.812326480447185306e-02
1.866329947997101169e+00 1.903807615230460826e+00 6.447459238683578286e-02 8.499254700340438395e-01 1.571612424088195820e-02 6.988381333823850960e-02
4.693727454722826486e+00 1.917835671342685622e+00 6.151557424135168511e-02 8.514843001892483665e-01 1.530569696739364841e-02 7.169442860200626877e-02
3.530428710167911266e+00 1.931863727454909974e+00 5.867028167279943890e-02 8.528702660175541128e-01 1.491100587581853897e-02 7.354844643382799085e-02
1.102153387377746000e-05 1.945891783567134325e+00 5.589845409406331289e-02 8.541752558694828412e-01 1.453810429076452318e-02 7.538818574568938169e-02
6.512445627792023953e-08 1.959919839679358677e+00 5.323300627276528196e-02 8.554160353745606793e-01 1.414466863193948945e-02 7.720628972073460827e-02
2.660185002265087473e+00 1.973947895791583029e+00 5.069697261246033926e-02 8.563353365227588387e-01 1.378686658715800629e-02 7.918082427762301867e-02
3.155869831329771724e+00 1.987975951903807825e+00 4.830111223928341968e-02 8.572450217580278586e-01 1.340747371739084426e-02 8.104639228529791906e-02
4.568798777091247526e-10 2.002004008016032177e+00 4.595823909810008850e-02 8.579223106619071615e-01 1.305161051687934830e-02 8.306783972311333752e-02
4.306151521907207069e+00 2.016032064128256529e+00 4.368971106092589540e-02 8.586727913372574905e-01 1.268613214603018027e-02 8.495136545578654830e-02
4.361370379153947319e+00 2.030060120240480881e+00 4.155619911803574290e-02 8.591480172431731344e-01 1.233983355124117567e-02 8.695595008754973543e-02
1.659203406161322114e+00 2.044088176352705233e+00 3.950022549613994155e-02 8.595390567110838820e-01 1.199977478069421018e-02 8.896094301208200272e-02
2.041334586879623103e+00 2.058116232464930029e+00 3.754219863820180969e-02 8.598215808609669386e-01 1.165133917907627999e-02 9.098488132175498733e-02
1.602546818415380159e+00 2.072144288577154381e+00 3.565840247607012653e-02 8.599058256453090410e-01 1.132107621892663486e-02 9.311469565969436590e-02
3.267948589681373583e+00 2.086172344689378733e+00 3.385293639659164855e-02 8.600194144923020145e-01 1.099440649567605573e-02 9.513324261543032456e-02
1.674866078669132975e-06 2.100200400801603084e+00 3.216745138722460623e-02 8.599806028743793851e-01 1.067281372270866696e-02 9.717913201568721682e-02
1.056849202770059754e-02 2.114228456913827880e+00 3.053645023013676005e-02 8.597610079834472341e-01 1.035912258067708466e-02 9.934341920573892815e-02
4.784671040731948821e+00 2.128256513026052232e+00 2.899053553061153865e-02 8.594917886494054526e-01 1.005315840482646703e-02 1.014645174151564688e-01
3.839391634342514958e+00 2.142284569138276584e+00 2.752182552512272978e-02 8.590491214262792052e-01 9.765929330109007420e-03 1.036631237184889864e-01
2.294728877710835526e-10 2.156312625250500936e+00 2.608928110980892126e-02 8.586158359161231157e-01 9.454977893220499127e-03 1.058399050808473824e-01
3.764656119431308401e+00 2.170340681362725288e+00 2.476427618601895544e-02 8.579309507277006475e-01 9.180233193481247833e-03 1.081245398927990764e-01
4.579284486529841658e+00 2.184368737474950084e+00 2.349340240958287113e-02 8.572712560374542434e-01 8.899216148295965509e-03 1.103361254046670153e-01
2.506114599535123499e+00 2.198396793587174436e+00 2.226356409555748858e-02 8.565368901616592368e-01 8.625050565821497719e-03 1.125744951769618030e-01
2.152099928675600182e+00 2.212424849699398788e+00 2.112376524223214327e-02 8.556563966608532468e-01 8.362640387252744806e-03 1.148571977096619484e-01
2.708994839415896916e+00 2.226452905811623140e+00 2.003292781448260881e-02 8.547104673812910836e-01 8.097223977241940762e-03 1.171593808269842246e-01
2.321022662550086046e+00 2.240480961923847936e+00 1.897887112307612006e-02 8.538257075130450957e-01 7.839828473932289321e-03 1.193555928899464880e-01
4.109077059199512050e+00 2.254509018036072288e+00 1.799709190509790266e-02 8.525603958869060195e-01 7.599905513054010416e-03 1.218426066949418463e-01
4.849614485735693314e+00 2.268537074148296639e+00 1.706211888158474382e-02 8.515101525691730622e-01 7.362042633180008490e-03 1.240656859160620268e-01
4.147730691275745230e+00 2.282565130260520991e+00 1.616096362434093353e-02 8.501230693814554318e-01 7.124852617188715161e-03 1.265911143770147851e-01
2.230280771438819087e+00 2.296593186372745343e+00 1.530826328413651891e-02 8.488475977798002337e-01 6.901077460833907745e-03 1.289430614752292426e-01
3.111634461302074328e+00 2.310621242484970139e+00 1.450787292749592533e-02 8.474221570311933904e-01 6.674468737566073562e-03 1.313955013037448327e-01
2.265712250243610892e+00 2.324649298597194491e+00 1.374913354352777679e-02 8.459497177752010044e-01 6.462103485258350287e-03 1.338390451960129457e-01
4.051384913363442308e+00 2.338677354709418843e+00 1.301214289916124110e-02 8.446075824509367003e-01 6.252484713759539313e-03 1.361277899361424126e-01
6.199609665821566605e-06 2.352705410821643195e+00 1.233462219849973049e-02 8.428768612811313732e-01 6.055829451576147555e-03 1.387326870687926039e-01
4.601715296155498791e+00 2.366733466933867547e+00 1.168011788082384816e-02 8.413324406383075882e-01 5.851582488345778016e-03 1.411358589925230111e-01
4.168307449423162225e+00 2.380761523046092343e+00 1.107163430328384629e-02 8.395339972070370305e-01 5.660258696391220340e-03 1.437341097932878509e-01
8.667922105443494427e-05 2.394789579158316695e+00 1.048155995050584384e-02 8.378201243190860348e-01 5.474492841163785400e-03 1.462238228892444314e-01
3.657275576791134242e+00 2.408817635270541047e+00 9.935085122417249698e-03 8.359141821505686742e-01 5.298350755162128424e-03 1.488523819718519658e-01
4.711649469840516247e+00 2.422845691382765398e+00 9.405315463735172687e-03 8.340689941110209782e-01 5.118325594036438053e-03 1.514073648312073972e-01
4.726718392509900113e+00 2.436873747494990194e+00 8.909676233079148050e-03 8.322087727594668083e-01 4.947098056206825252e-03 1.539344529512473581e-01
4.392650049119545486e+00 2.450901803607214546e+00 8.449667536555583933e-03 8.302006514441933049e-01 4.784180938590515061e-03 1.565655000806604469e-01
2.204416289111435834e+00 2.464929859719438898e+00 8.003511341200791190e-03 8.280268062512350369e-01 4.626330191207840906e-03 1.593433522163565097e-01
0.000000000000000000e+00 2.478957915831663250e+00 7.580323201279377636e-03 8.260380211146882701e-01 4.468390290019099050e-03 1.619132653940131839e-01
4.799543190415604954e+00 2.492985971943887602e+00 7.189806877774064346e-03 8.238249689206467163e-01 4.320949090665987882e-03 1.646642751109131664e-01
4.856613938589502411e+00 2.507014028056112398e+00 6.803959136555191682e-03 8.218362354143261550e-01 4.174417582948780105e-03 1.671853878661697657e-01
3.262318117771072945e+00 2.521042084168336750e+00 6.453625650430603634e-03 8.195005174197436126e-01 4.033354195750077885e-03 1.700125027340755879e-01
4.019261785794794761e+00 2.535070140280561102e+00 6.116714959990023764e-03 8.171990160568965988e-01 3.900784493625814291e-03 1.727834844894875210e-01
1.747180958228727599e-01 2.549098196392785454e+00 5.795788326915383287e-03 8.147780713369455752e-01 3.768683493816940133e-03 1.756574568423220906e-01
4.105175781332722096e+00 2.563126252505010250e+00 5.497717483065127884e-03 8.124433731455826813e-01 3.639712138784283353e-03 1.784191972325678832e-01
4.374823447402026666e+00 2.577154308617234602e+00 5.213815846053938829e-03 8.099516697710520408e-01 3.518031306605296296e-03 1.813164830762887536e-01
4.250905179072857365e+00 2.591182364729458953e+00 4.944675820282726231e-03 8.075813383611745166e-01 3.398271393861592229e-03 1.840757144246809029e-01
6.249455796093660187e-09 2.605210420841683305e+00 4.690797489518272294e-03 8.051694376292530819e-01 3.284395541207549979e-03 1.868553693400211158e-01
0.000000000000000000e+00 2.619238476953907657e+00 4.445186094924923233e-03 8.025312250236502631e-01 3.171643323725996128e-03 1.898519455576989923e-01
4.870054416965782451e+00 2.633266533066132453e+00 4.220177177777444978e-03 7.999045437670930792e-01 3.065935418363023145e-03 1.928093436367663838e-01
4.769519766422403606e+00 2.647294589178356805e+00 4.006569101464917820e-03 7.971984498290001220e-01 2.963012570159583720e-03 1.958319684993754251e-01
3.176101384604127720e+00 2.661322645290581157e+00 3.801744149381189406e-03 7.947804066815673529e-01 2.860350947771526410e-03 1.985574982212797712e-01
2.898845056386174068e+00 2.675350701402805509e+00 3.607498828557036998e-03 7.920738692073076015e-01 2.764633671196250336e-03 2.015539982929389906e-01
3.551624277266751672e+00 2.689378757515030305e+00 3.425788227878946973e-03 7.894860663023687275e-01 2.669890032476704769e-03 2.044182554372757921e-01
2.581013435806636114e+00 2.703406813627254657e+00 3.252530233867728573e-03 7.865977189479798071e-01 2.579186038153310177e-03 2.075705647799992171e-01
0.000000000000000000e+00 2.717434869739479009e+00 3.091794710308850939e-03 7.837599607511859245e-01 2.494416928954457796e-03 2.106538276095509254e-01
