# Y X a0 a1 a2 a3
5.553947159131966682e-01 -1.000000000000000000e+00 2.891630266604162114e-01 6.060663572707790658e-01 1.040397478898086314e-01 7.308681789960652262e-04
1.882647263408756100e+00 -9.859719438877755371e-01 2.921518712684525454e-01 6.027568905748192929e-01 1.043656154012161247e-01 7.256227555121726657e-04
7.060949009397127218e-01 -9.719438877755510742e-01 2.948091823486660989e-01 5.997046768434722841e-01 1.047660126859668167e-01 7.201281218949523574e-04
5.816505486707329586e-01 -9.579158316633266113e-01 2.975332646147073601e-01 5.966937990799726643e-01 1.050580832176964963e-01 7.148530876235149921e-04
1.452250139483963753e+00 -9.438877755511021483e-01 3.002066190694783199e-01 5.936624910444150416e-01 1.054210185016853374e-01 7.098713844212510646e-04
1.050820034260390390e+00 -9.298597194388777964e-01 3.030671682974039882e-01 5.905247718235097087e-01 1.057027905199429962e-01 7.052693591433419236e-04
2.199410289118016948e+00 -9.158316633266533335e-01 3.060106825354443338e-01 5.872116431081696453e-01 1.060765592154422898e-01 7.011151409438513013e-04
7.579672130071792857e-01 -9.018036072144288706e-01 3.088777027893016558e-01 5.840511526579547086e-01 1.063744464701753267e-01 6.966980825683911872e-04
4.585892309169062875e-01 -8.877755511022044077e-01 3.114234524659401093e-01 5.812357778004372255e-01 1.066483098778392286e-01 6.924598557833871668e-04
1.515673887128119013e+00 -8.737474949899799448e-01 3.143463852385109392e-01 5.779937721930493710e-01 1.069708679363772785e-01 6.889746320623758207e-04
6.273581967110060109e-01 -8.597194388777554819e-01 3.171005181974743681e-01 5.748793597821756363e-01 1.073350745793887340e-01 6.850474409612053103e-04
8.942888368368533403e-01 -8.456913827655310190e-01 3.199940055878928713e-01 5.716533313288439944e-01 1.076709529862113351e-01 6.817100970516702793e-04
1.095113785234754999e+00 -8.316633266533066671e-01 3.226915610532869461e-01 5.686893598670923478e-01 1.079406051040905368e-01 6.784739755301727763e-04
1.583457667708976890e+00 -8.176352705410820931e-01 3.253896632556400603e-01 5.657231106332001325e-01 1.082121975208401726e-01 6.750285903195990186e-04
1.893267447190848163e+00 -8.036072144288577412e-01 3.282406165046925506e-01 5.625468198728238445e-01 1.085394825021674392e-01 6.730811203161725679e-04
2.274164480482360862e+00 -7.895791583166332783e-01 3.309549875230849980e-01 5.595778979413849052e-01 1.087970121051637373e-01 6.701024303664038662e-04
1.715703040124565204e+00 -7.755511022044088154e-01 3.336267061267697009e-01 5.565531766497980870e-01 1.091521531793971933e-01 6.679640440349054456e-04
2.581645419645407280e+00 -7.615230460921843525e-01 3.363698535207323981e-01 5.535279293211665674e-01 1.094364661413382983e-01 6.657510167626357837e-04
1.674835768278354786e+00 -7.474949899799598896e-01 3.391356682139111678e-01 5.504257045437497275e-01 1.097746754455948409e-01 6.639517967442381575e-04
8.278278260991240867e-01 -7.334669338677355377e-01 3.418050549352173451e-01 5.475174283848969203e-01 1.100154068232345045e-01 6.621098566511580226e-04
2.433050611846317324e+00 -7.194388777555109638e-01 3.444645579294584592e-01 5.445432054677068479e-01 1.103311173817594498e-01 6.611192210752408474e-04
1.951277216268066050e+00 -7.054108216432866119e-01 3.470016854627767100e-01 5.418036149940052004e-01 1.105353599668069120e-01 6.593395764112261470e-04
1.119252449699291052e+00 -6.913827655310621489e-01 3.496167344943068023e-01 5.389259259976205696e-01 1.107992661927985484e-01 6.580733152739633076e-04
2.172250036604352008e+00 -6.773547094188376860e-01 3.522374170761736756e-01 5.359084997648508875e-01 1.111967293631457160e-01 6.573537958296921373e-04
2.371444582859718153e+00 -6.633266533066132231e-01 3.547720129270088285e-01 5.331234194019116579e-01 1.114476568125649936e-01 6.569108585143351676e-04
2.386983452460265553e+00 -6.492985971943887602e-01 3.573782996443656268e-01 5.302680193764820471e-01 1.116971109854545535e-01 6.565699936976804232e-04
2.387340616981575181e+00 -6.352705410821642973e-01 3.597877887032826516e-01 5.276011009570104049e-01 1.119548208476974366e-01 6.562894920095004199e-04
7.145697656931161434e-01 -6.212424849699398344e-01 3.623392745504086521e-01 5.248083074730104380e-01 1.121959328234516245e-01 6.564851531293076827e-04
2.559531687249814169e+00 -6.072144288577154825e-01 3.648092306938425233e-01 5.220720375689000825e-01 1.124620135585755465e-01 6.567181786818218712e-04
1.533467443910037531e+00 -5.931863727454909085e-01 3.671336498638466672e-01 5.195133925478077064e-01 1.126952173295782539e-01 6.577402587674438614e-04
1.824298952743467872e+00 -5.791583166332665567e-01 3.695625211936297561e-01 5.167649280362460740e-01 1.130142677529737960e-01 6.582830171503726603e-04
1.094249692736811053e+00 -5.651302605210420937e-01 3.719650224743544786e-01 5.141911672581760406e-01 1.131847116766993011e-01 6.590985907701907938e-04
2.204072179934447817e+00 -5.511022044088176308e-01 3.741565758471656067e-01 5.116600071626150603e-01 1.135229029604018502e-01 6.605140298174787391e-04
1.435335687381998904e+00 -5.370741482965931679e-01 3.766489798307733339e-01 5.088952824606057801e-01 1.137936582386497031e-01 6.620794699712160116e-04
1.225574352493506991e+00 -5.230460921843687050e-01 3.787114757733936465e-01 5.066387526619442472e-01 1.139860902129821579e-01 6.636813516799301357e-04
2.499679646892573714e+00 -5.090180360721443531e-01 3.809869168892011104e-01 5.041304353559975526e-01 1.142171872252288334e-01 6.654605295725480197e-04
2.982982651478424341e+00 -4.949899799599197792e-01 3.830058836959938651e-01 5.018921769177484560e-01 1.144337039148906471e-01 6.682354713671020225e-04
1.294502176319417774e+00 -4.809619238476954273e-01 3.854162189590122356e-01 4.991639233040640611e-01 1.147486285813789364e-01 6.712291555446299853e-04
2.571990803897358457e+00 -4.669338677354709644e-01 3.872279256756269161e-01 4.971850439603642258e-01 1.149135302418336779e-01 6.735001221753399939e-04
2.351507851390278958e+00 -4.529058116232465014e-01 3.893051146624592618e-01 4.948892005622550494e-01 1.151292869156331500e-01 6.763978596525767936e-04
1.668784723651161706e+00 -4.388777555110220385e-01 3.913581825433041228e-01 4.926167882227218686e-01 1.153450669690431751e-01 6.799622649306501102e-04
2.105996374796555770e+00 -4.248496993987975756e-01 3.933683701795838150e-01 4.903694889732121975e-01 1.155787966145707946e-01 6.833442326329843908e-04
3.027524315282269729e+00 -4.108216432865731127e-01 3.949641175407974658e-01 4.885745768676637568e-01 1.157735963115158195e-01 6.877092800230259241e-04
2.610054482323254987e+00 -3.967935871743486498e-01 3.967447040026884642e-01 4.865389154346276834e-01 1.160248762155839941e-01 6.915043470997488031e-04
1.751781021427154084e+00 -3.827655310621242979e-01 3.987443700472770303e-01 4.843446879986271769e-01 1.162143245027738442e-01 6.966174513219294427e-04
1.796242061023368031e+00 -3.687374749498998350e-01 4.002185181482668108e-01 4.825755939576786280e-01 1.165045249214148038e-01 7.013629726396882706e-04
2.878048614828378593e+00 -3.547094188376753721e-01 4.019423964950121775e-01 4.807146757510745716e-01 1.166364364765540840e-01 7.064912773592469612e-04
2.734811652583764907e+00 -3.406813627254509091e-01 4.037462506464163936e-01 4.787040436202149030e-01 1.168375252159857131e-01 7.121805173829698831e-04
1.316289633495000277e+00 -3.266533066132264462e-01 4.051801954154462537e-01 4.770403658609947417e-01 1.170609651049169114e-01 7.184736186421805237e-04
2.667863519922267113e+00 -3.126252505010019833e-01 4.066170853071250368e-01 4.753546391912472635e-01 1.173033856492822907e-01 7.248898523454406920e-04
2.449033432959247580e+00 -2.985971943887775204e-01 4.079869027996232966e-01 4.737621505182172954e-01 1.175192421367308865e-01 7.317045454284318165e-04
2.845109434887049371e+00 -2.845691382765530575e-01 4.094345481368175665e-01 4.721154693327086482e-01 1.177112437721308524e-01 7.387387583430890222e-04
2.858813634187055364e+00 -2.705410821643285946e-01 4.107351649344446742e-01 4.705749660145101543e-01 1.179433206386613919e-01 7.465484123835491653e-04
2.496570863349672376e+00 -2.565130260521042427e-01 4.119041519259212247e-01 4.692195009398033023e-01 1.181224412775021410e-01 7.539058567731600404e-04
3.183810638545283123e+00 -2.424849699398797798e-01 4.131404732962614124e-01 4.678280914707197424e-01 1.182693548967734404e-01 7.620803362454556815e-04
1.476136355311288728e+00 -2.284569138276553169e-01 4.142930171570393116e-01 4.664136335901011288e-01 1.185220540551437662e-01 7.712951977158087526e-04
1.656997819687329621e+00 -2.144288577154308539e-01 4.151279902172759773e-01 4.654174674284582980e-01 1.186741543343407257e-01 7.803880199248925970e-04
1.584014606618719956e+00 -2.004008016032063910e-01 4.162916690542980969e-01 4.640856952798579349e-01 1.188326693936270079e-01 7.899662722168180077e-04
3.148597001949318130e+00 -1.863727454909819281e-01 4.172027336712810786e-01 4.630180326451433515e-01 1.189788066661136706e-01 8.004270174618743254e-04
2.057100870201204135e+00 -1.723446893787574652e-01 4.178605498673487739e-01 4.621044069495233164e-01 1.192240871724476459e-01 8.109560106803301478e-04
1.525238875773264224e+00 -1.583166332665331133e-01 4.184981086851655152e-01 4.612772125458502459e-01 1.194023943663308496e-01 8.222844026533767357e-04
2.977460148302062848e+00 -1.442885771543086504e-01 4.192461128033435624e-01 4.603551649890449404e-01 1.195648367493695741e-01 8.338854582420463348e-04
2.984003868755530142e+00 -1.302605210420841875e-01 4.197801800345748457e-01 4.595715940286779211e-01 1.198013977486585557e-01 8.468281880885551380e-04
1.595264420726056898e+00 -1.162324649298597246e-01 4.206784929094893877e-01 4.585251053472379490e-01 1.199370607645692116e-01 8.593409787034536704e-04
2.803578133280473228e+00 -1.022044088176352616e-01 4.208001593296414877e-01 4.582243204769926859e-01 1.201026291415024649e-01 8.728910518634277116e-04
1.846052281260432970e+00 -8.817635270541079873e-02 4.212696386436361462e-01 4.575440279423342305e-01 1.202983322533236338e-01 8.880011607059647280e-04
1.585593675919620082e+00 -7.414829659318633581e-02 4.216294719506022970e-01 4.570816780242583643e-01 1.203868105377821351e-01 9.020394873571077827e-04
2.287079534923648350e+00 -6.012024048096187290e-02 4.217465718903325445e-01 4.566484039099002468e-01 1.206873910607957207e-01 9.176331389715163163e-04
2.697134733153883523e+00 -4.609218436873740998e-02 4.219246831392051145e-01 4.562870478625718484e-01 1.208546400540942839e-01 9.336289441287813802e-04
2.435245816866318691e+00 -3.206412825651305809e-02 4.220232033732555510e-01 4.560335578398955203e-01 1.209920503177185636e-01 9.511884691303524588e-04
1.855424889825713741e+00 -1.803607214428859518e-02 4.218685705044569190e-01 4.559909505212631498e-01 1.211723647595834424e-01 9.681142146965442423e-04
2.763616127632605668e+00 -4.008016032064132261e-03 4.218679453909557897e-01 4.558773404299611975e-01 1.212669811057730529e-01 9.877330733102326378e-04
1.321575718767003194e+00 1.002004008016044168e-02 4.216948922937781008e-01 4.558151694382626684e-01 1.214826055954140865e-01 1.007332672545222744e-03
1.852524094972892499e+00 2.404809619238479357e-02 4.212000394750822219e-01 4.561063293972270061e-01 1.216666375669185757e-01 1.026993560772081031e-03
1.435552177758979475e+00 3.807615230460914546e-02 4.209941792193320764e-01 4.561272567275837519e-01 1.218303811910828732e-01 1.048182862001506782e-03
3.007659932481648646e+00 5.210420841683371940e-02 4.205292328787129108e-01 4.564536285103038549e-01 1.219472542292097117e-01 1.069884381773371709e-03
2.210168748299981445e+00 6.613226452905807129e-02 4.200515165273627227e-01 4.567990877415207263e-01 1.220553023091923289e-01 1.094093421924144686e-03
2.273048755202096149e+00 8.016032064128264523e-02 4.193046352102663410e-01 4.573146371117966513e-01 1.222621646594210243e-01 1.118563018515845477e-03
3.272407405882515441e+00 9.418837675350699712e-02 4.185745918753144279e-01 4.578735818479145459e-01 1.224085116775962268e-01 1.143314599174834840e-03
1.933145341896825631e+00 1.082164328657315711e-01 4.177907113939126060e-01 4.585289156348957285e-01 1.225113774540498995e-01 1.168995517141741903e-03
1.625810822610483708e+00 1.222444889779559229e-01 4.170263168211323923e-01 4.590601617144950408e-01 1.227161769136940750e-01 1.197344550678491448e-03
2.112127581782024421e+00 1.362725450901802748e-01 4.160603238773319390e-01 4.598875596583727465e-01 1.228261627843888898e-01 1.225953679906421206e-03
2.654812246647113572e+00 1.503006012024048488e-01 4.150424116567324462e-01 4.607644051865952273e-01 1.229369039874490949e-01 1.256279169223172487e-03
2.184845742858873674e+00 1.643286573146292007e-01 4.139876196206030423e-01 4.617036562710436498e-01 1.230213614202048805e-01 1.287362688148330648e-03
2.538687436483543003e+00 1.783567134268537746e-01 4.126429346487959227e-01 4.628304277765495356e-01 1.232061434047461573e-01 1.320494169908396128e-03
3.051736650620740399e+00 1.923847695390781265e-01 4.113192402253124658e-01 4.641291783285367289e-01 1.231964535811049533e-01 1.355127865046001868e-03
3.487699250363569536e+00 2.064128256513027004e-01 4.099030846111067494e-01 4.653790537880580502e-01 1.233267612924697776e-01 1.391100308365377436e-03
1.644079630470344444e+00 2.204408817635270523e-01 4.084319042559136914e-01 4.666447709721346926e-01 1.234936395451153718e-01 1.429685226836311437e-03
2.606248361942641978e+00 2.344689378757514042e-01 4.068125628074620859e-01 4.681502210573557088e-01 1.235690033078600814e-01 1.468212827322289441e-03
3.007226032059056031e+00 2.484969939879759782e-01 4.050906649003059856e-01 4.697820036120824994e-01 1.236182487906125893e-01 1.509082696999044983e-03
1.759064289221783817e+00 2.625250501002003300e-01 4.031797181137386499e-01 4.715676090335902959e-01 1.237002843146939590e-01 1.552388537977108856e-03
2.105532536904221264e+00 2.765531062124249040e-01 4.015823138289935645e-01 4.730674777311819623e-01 1.237531185904671149e-01 1.597089849357353217e-03
2.045184218624033434e+00 2.905811623246492559e-01 3.993968709173780218e-01 4.750613515391685637e-01 1.238979328861223583e-01 1.643844657331120732e-03
2.339985770095997175e+00 3.046092184368738298e-01 3.974432910369170013e-01 4.768989325659110379e-01 1.239637899138834459e-01 1.693986483288435069e-03
3.072925860120126806e+00 3.186372745490981817e-01 3.952805699260292793e-01 4.789809404550786631e-01 1.239933451856836538e-01 1.745144433208300734e-03
3.296435236652101253e+00 3.326653306613227556e-01 3.928173352444818689e-01 4.813901447165789826e-01 1.239949985509672253e-01 1.797521487971781096e-03
2.987801144809306031e+00 3.466933867735471075e-01 3.906757321137724892e-01 4.834503646452293912e-01 1.240195550730214258e-01 1.854348167976763813e-03
2.989095465308464483e+00 3.607214428857714594e-01 3.881744274250044646e-01 4.858700727536391373e-01 1.240436007721579803e-01 1.911899049198240207e-03
2.396198712742295456e+00 3.747494989979960334e-01 3.856859178097019614e-01 4.882306659952659333e-01 1.241086332662679204e-01 1.974782928764234370e-03
2.484243239556104488e+00 3.887775551102203853e-01 3.831785939509617100e-01 4.907555314272906144e-01 1.240262493779400177e-01 2.039625243807585003e-03
2.502737255331423771e+00 4.028056112224449592e-01 3.804325683111342560e-01 4.934734873067850303e-01 1.239877223272627810e-01 2.106222054817814826e-03
2.608159501254976753e+00 4.168336673346693111e-01 3.774534482977908723e-01 4.964313550735133806e-01 1.239387892968496913e-01 2.176407331845912289e-03
3.926893068695116007e+00 4.308617234468938850e-01 3.745709085460680043e-01 4.991797605252614178e-01 1.240009590388089361e-01 2.248371889861549774e-03
2.801496018732550830e+00 4.448897795591182369e-01 3.714153199192982702e-01 5.024551200919536997e-01 1.238074046742548839e-01 2.322155314493039475e-03
3.142114266521903509e+00 4.589178356713428109e-01 3.684386470763236776e-01 5.052863310793554996e-01 1.238695232462482254e-01 2.405498598072542717e-03
3.709524068887693815e+00 4.729458917835671627e-01 3.654207761985288627e-01 5.083421437645725405e-01 1.237481652429827383e-01 2.488914793915823764e-03
3.916139869777539584e+00 4.869739478957915146e-01 3.621021658588210457e-01 5.117377306599887321e-01 1.235836022265868195e-01 2.576501254603285208e-03
2.940342789496091847e+00 5.010020040080160886e-01 3.587522930428173051e-01 5.151290884002838188e-01 1.234480882640457133e-01 2.670530292853203012e-03
3.467990822205790913e+00 5.150300601202404405e-01 3.553706235289351700e-01 5.185992778619928911e-01 1.232637276918327474e-01 2.766370917239229215e-03
2.020087360028640866e+00 5.290581162324650144e-01 3.518471801585196790e-01 5.221118299911157168e-01 1.231713843598455788e-01 2.869605490519131722e-03
2.867315618061613058e+00 5.430861723446893663e-01 3.482082330299435813e-01 5.259129244074838283e-01 1.229058649898194522e-01 2.972977572753183334e-03
3.667158756906314654e+00 5.571142284569139402e-01 3.445595431575445011e-01 5.295907481287088769e-01 1.227647698506146856e-01 3.084938863131907703e-03
2.485379359276250533e+00 5.711422845691382921e-01 3.409449974903555614e-01 5.333601248935154748e-01 1.224970997092503094e-01 3.197777906878727667e-03
2.464269304974562314e+00 5.851703406813626440e-01 3.369588282516491340e-01 5.374253359681752107e-01 1.222955298969938681e-01 3.320305883181699606e-03
3.356452378394081837e+00 5.991983967935872180e-01 3.330521161618211212e-01 5.413718400859406366e-01 1.221268676398393066e-01 3.449176112399042309e-03
2.581262013335215322e+00 6.132264529058115698e-01 3.287470870791655009e-01 5.458659721929860487e-01 1.218083175134223178e-01 3.578623214426075380e-03
3.860357062789383953e+00 6.272545090180361438e-01 3.249353078916877302e-01 5.498651840041545169e-01 1.214797538748267208e-01 3.719754229330999099e-03
3.230199133564529035e+00 6.412825651302604957e-01 3.210006803520230600e-01 5.539987640556545134e-01 1.211347119093288544e-01 3.865843682993733068e-03
4.053654858126952476e+00 6.553106212424850696e-01 3.167094514015359463e-01 5.585301956957042790e-01 1.207415363326534707e-01 4.018816570106218018e-03
4.069709372464769714e+00 6.693386773547094215e-01 3.122967447703651755e-01 5.631423413405689526e-01 1.203830509717880304e-01 4.177862917277680097e-03
3.843422631038337478e+00 6.833667334669337734e-01 3.078825063505643556e-01 5.679264196360905848e-01 1.198489886924950926e-01 4.342085320850021767e-03
3.994289153730958386e+00 6.973947895791583473e-01 3.036290907362625968e-01 5.724150205534622726e-01 1.194405308402868432e-01 4.515357869988269150e-03
3.789157513652975151e+00 7.114228456913826992e-01 2.990923762189227619e-01 5.771543114149598752e-01 1.190550404507221549e-01 4.698271915395156768e-03
4.064119544288749886e+00 7.254509018036072732e-01 2.946266505004564440e-01 5.819420035211407827e-01 1.185421514563651940e-01 4.889194522037443140e-03
3.065969859795306451e+00 7.394789579158316251e-01 2.902036535205927970e-01 5.866309385135337617e-01 1.180732846608555930e-01 5.092123305017817042e-03
4.189231656825802119e+00 7.535070140280561990e-01 2.853883545340831773e-01 5.917798766563733270e-01 1.175328521759290007e-01 5.298916633614492340e-03
4.193943257984887651e+00 7.675350701402805509e-01 2.808601665520801816e-01 5.967794068568360588e-01 1.168422190339094835e-01 5.518207557174253583e-03
4.106423055483116258e+00 7.815631262525051248e-01 2.759942237099784479e-01 6.019321615475466958e-01 1.163257904614007493e-01 5.747824281073989072e-03
2.775306838479218996e+00 7.955911823647294767e-01 2.713638495254405703e-01 6.070340714329074405e-01 1.156141918252680256e-01 5.987887216383954055e-03
2.340012833368589007e+00 8.096192384769538286e-01 2.664328293001653747e-01 6.123975762051645511e-01 1.149321429269976047e-01 6.237451567672468687e-03
2.801977420253542128e+00 8.236472945891784025e-01 2.617188584953075714e-01 6.175909091212132829e-01 1.141902052940663853e-01 6.500027089412682355e-03
2.679468689940159187e+00 8.376753507014027544e-01 2.568268571872974748e-01 6.228787587040354179e-01 1.135182053676080521e-01 6.776178741059065563e-03
3.820685354277821411e+00 8.517034068136273284e-01 2.519417741302116820e-01 6.282590124319734626e-01 1.127350048858683923e-01 7.064208551946437979e-03
3.684168100781225252e+00 8.657314629258516803e-01 2.469585751393409689e-01 6.337057423446489368e-01 1.119724331748268020e-01 7.363249341183285279e-03
2.555707026630934298e+00 8.797595190380762542e-01 2.418921166346024998e-01 6.393097256600932532e-01 1.111247810484981280e-01 7.673376656805964632e-03
3.251828922011926970e+00 8.937875751503006061e-01 2.369570000847070201e-01 6.446860832201746216e-01 1.103523252619680872e-01 8.004591433150244975e-03
2.992078666707056911e+00 9.078156312625251800e-01 2.320414192466057346e-01 6.502070701775058970e-01 1.094088594147851340e-01 8.342651161103244867e-03
3.734048525727360790e+00 9.218436873747495319e-01 2.271290564646442911e-01 6.557006398220522891e-01 1.084649513916835367e-01 8.705352321619928141e-03
3.079255069609964757e+00 9.358717434869738838e-01 2.219649009206801638e-01 6.614484876211506048e-01 1.075069364344841544e-01 9.079675023685101348e-03
2.503642219692909343e+00 9.498997995991984578e-01 2.171814434558623497e-01 6.667628491117091327e-01 1.065844419000219617e-01 9.471265532406566295e-03
3.545298979432615738e+00 9.639278557114228096e-01 2.121086105849542824e-01 6.724573396630145750e-01 1.055579401329239664e-01 9.876109619107210913e-03
2.291430418101505051e+00 9.779559118236473836e-01 2.071073744517168969e-01 6.780501557174649641e-01 1.045339702526011799e-01 1.030849957821693488e-02
3.928190898128580244e+00 9.919839679358717355e-01 2.023051893594438877e-01 6.834801830706912495e-01 1.034661051450847247e-01 1.074852242478023523e-02
3.673636978541745091e+00 1.006012024048096087e+00 1.971164598865257911e-01 6.893132354122440963e-01 1.023588089797950323e-01 1.121149572143510798e-02
2.749681077277759123e+00 1.020040080160320883e+00 1.922256116036565876e-01 6.948222672458528315e-01 1.012586030979186202e-01 1.169351805257197278e-02
4.034033039232740592e+00 1.034068136272545235e+00 1.873300369807467392e-01 7.004478438115099292e-01 1.000253966311816234e-01 1.219672257656172210e-02
3.275096347002507180e+00 1.048096192384769587e+00 1.824596784137395289e-01 7.059590004075352310e-01 9.885711494114289566e-02 1.272420623758225774e-02
2.404555698657080853e+00 1.062124248496993939e+00 1.776856417957551337e-01 7.113312052169832311e-01 9.769415519289934013e-02 1.328899779436241990e-02
2.668150030769174119e+00 1.076152304609218291e+00 1.728635396049597872e-01 7.169118364478012095e-01 9.636532198048468334e-02 1.385930196675427481e-02
4.460889210453131248e+00 1.090180360721443087e+00 1.681505917129358374e-01 7.222126959517347622e-01 9.518168077985510178e-02 1.445503155547423792e-02
4.129941245596285171e+00 1.104208416833667439e+00 1.634022182387913635e-01 7.276456174446974678e-01 9.387711706851206706e-02 1.507504724799903391e-02
2.470524785115150834e+00 1.118236472945891791e+00 1.586423279985786916e-01 7.330203518888163128e-01 9.260290143286120657e-02 1.573441867974393477e-02
4.361963041615596559e+00 1.132264529058116143e+00 1.540634282424821477e-01 7.382641225284536368e-01 9.126257915147145683e-02 1.640987007759277944e-02
3.860452564506949624e+00 1.146292585170340494e+00 1.493767597293909066e-01 7.435751075784347019e-01 8.994275907943040382e-02 1.710537361274407434e-02
3.012646902057801057e+00 1.160320641282565290e+00 1.448803774716195814e-01 7.488238129241787666e-01 8.846832414558213065e-02 1.782748545861952139e-02
4.235359829897458184e+00 1.174348697394789642e+00 1.404710745626317758e-01 7.537495409169506777e-01 8.717556078466806579e-02 1.860382373574940088e-02
4.530064095600464746e+00 1.188376753507013994e+00 1.361196600996393558e-01 7.587746769292915694e-01 8.570364436463048796e-02 1.940201860643850362e-02
3.175566024197921777e+00 1.202404809619238346e+00 1.317561789966079089e-01 7.637809518721395685e-01 8.425679013189328603e-02 2.020607899935929208e-02
3.022443997275132688e+00 1.216432865731463142e+00 1.274674658396430516e-01 7.685258662165450616e-01 8.291861896873996274e-02 2.108804897507194839e-02
2.569265210711148217e+00 1.230460921843687494e+00 1.232989810302938249e-01 7.732821139275235511e-01 8.145370013177279100e-02 2.196520491040982251e-02
4.148835988506852424e+00 1.244488977955911846e+00 1.191920148011000602e-01 7.779628799276597784e-01 7.995343149533579163e-02 2.289167377590435246e-02
4.729908857570821468e+00 1.258517034068136198e+00 1.151605390049092043e-01 7.823848348278034104e-01 7.856947823603384340e-02 2.388514793125353503e-02
4.013269453572185341e+00 1.272545090180360550e+00 1.112072160877155963e-01 7.869217772462862026e-01 7.701239114959441967e-02 2.485861551640390632e-02
4.318672398176620852e+00 1.286573146292585346e+00 1.072910850377828268e-01 7.912627661288431646e-01 7.554381570074342189e-02 2.590233313263049994e-02
4.471573121757769442e+00 1.300601202404809698e+00 1.034782905100028183e-01 7.954676907478931414e-01 7.407431370083265854e-02 2.697970504127132976e-02
4.662472837060366082e+00 1.314629258517034049e+00 9.971010713886920007e-02 7.995926035410776400e-01 7.257942732232737504e-02 2.811786199772560446e-02
4.767511691743397506e+00 1.328657314629258401e+00 9.615870783762134333e-02 8.034546599955046942e-01 7.108747483369166897e-02 2.929915733318230742e-02
4.085415846399228279e+00 1.342685370741483197e+00 9.256374551626131431e-02 8.074438740772001966e-01 6.952648729176914844e-02 3.046589311476936152e-02
3.705766146291326724e+00 1.356713426853707549e+00 8.906506163764049688e-02 8.111056224154634675e-01 6.809643908224523312e-02 3.173287686465076085e-02
4.446415567910528388e+00 1.370741482965931901e+00 8.569259305064720611e-02 8.146897776059790486e-01 6.657929117898873927e-02 3.303833816438495746e-02
3.158919897514285147e+00 1.384769539078156253e+00 8.239819796000479035e-02 8.181048250984791492e-01 6.510340591653368536e-02 3.439357102498238894e-02
4.867965117287943677e+00 1.398797595190380605e+00 7.923376872063817022e-02 8.213548716743155342e-01 6.363617925544573506e-02 3.577518034960049803e-02
4.576862862249754471e+00 1.412825651302605401e+00 7.609297966925648860e-02 8.245565497010327594e-01 6.212460141377044998e-02 3.722586921594030901e-02
3.157351730344780449e+00 1.426853707414829753e+00 7.298074601957932339e-02 8.276355969335248419e-01 6.067913581098084708e-02 3.870452123591507088e-02
3.423228879506383215e+00 1.440881763527054105e+00 7.010094778704403784e-02 8.304333009341735572e-01 5.918947285384419665e-02 4.027627842493827076e-02
4.838673751698398640e+00 1.454909819639278457e+00 6.723742084332624824e-02 8.331299041320933130e-01 5.775747556131863303e-02 4.187519946326189596e-02
4.304673385733986279e+00 1.468937875751502808e+00 6.439045689660627403e-02 8.358320981964061369e-01 5.626809593885580274e-02 4.350934896813189734e-02
3.216713051591324923e+00 1.482965931863727604e+00 6.171662175497848873e-02 8.382066419989344652e-01 5.483895938127281849e-02 4.523777686481426225e-02
3.785480201463136130e+00 1.496993987975951956e+00 5.912139704546102992e-02 8.404496710737553444e-01 5.339583111593612652e-02 4.703310076484741586e-02
3.529705033786300294e+00 1.511022044088176308e+00 5.662623779314374106e-02 8.425266189517096604e-01 5.196991989417858171e-02 4.887722336096811393e-02
3.526486741351116727e+00 1.525050100200400660e+00 5.415183683257134006e-02 8.444799962561965190e-01 5.061360962528857477e-02 5.075455728594365640e-02
3.888171262780159676e+00 1.539078156312625456e+00 5.180011283645014064e-02 8.462293002498681993e-01 4.922892128159742781e-02 5.274166563208445430e-02
3.265606802016829846e+00 1.553106212424849808e+00 4.951596784140942231e-02 8.478679515153736412e-01 4.785512520122010144e-02 5.476095544199674481e-02
3.916823023124111014e+00 1.567134268537074160e+00 4.731058742505398623e-02 8.493169410271668163e-01 4.651871989374903316e-02 5.685375165403021985e-02
3.523941557662851665e+00 1.581162324649298512e+00 4.522785818898293619e-02 8.505302114520040258e-01 4.521391111435153071e-02 5.902801924466163225e-02
3.755258986542004518e+00 1.595190380761522864e+00 4.313802105173326212e-02 8.516910798762609147e-01 4.389452860186464356e-02 6.127637047014106858e-02
3.946302559652092423e+00 1.609218436873747660e+00 4.121019263228204582e-02 8.525878625171585679e-01 4.263251926275234832e-02 6.356942558780706576e-02
2.983115544468807112e+00 1.623246492985972012e+00 3.929076962024135450e-02 8.534757050988076577e-01 4.131611175328837177e-02 6.591741352766278261e-02
4.464476960586548415e+00 1.637274549098196363e+00 3.748323803000837284e-02 8.540474705396144950e-01 4.007274008274957361e-02 6.839655134762755162e-02
1.411346392653385629e-01 1.651302605210420715e+00 3.573765604610489033e-02 8.544993715527031686e-01 3.885722893811224821e-02 7.090574346307967901e-02
1.071474762917133394e-01 1.665330661322645511e+00 3.404467004478877595e-02 8.547945691501838139e-01 3.766355714381632025e-02 7.349720366121112458e-02
3.232725591635439599e+00 1.679358717434869863e+00 3.242534178735659994e-02 8.549396017198935827e-01 3.650381260967517499e-02 7.613124388307475343e-02
4.369758037728801447e+00 1.693386773547094215e+00 3.087208669024435470e-02 8.547819205081197413e-01 3.533275760234945440e-02 7.901323519928642181e-02
4.306970129177593698e+00 1.707414829659318567e+00 2.938745246973159184e-02 8.546251376717595161e-01 3.419695442151756554e-02 8.179045543699131615e-02
4.796063822681014166e+00 1.721442885771542919e+00 2.795273515331199096e-02 8.542749159243322454e-01 3.308758640897604963e-02 8.468476251337965499e-02
4.128560230403375719e+00 1.735470941883767715e+00 2.659245480860501082e-02 8.536850038546589525e-01 3.199849762952553661e-02 8.772404370721040290e-02
3.372331371765536101e+00 1.749498997995992067e+00 2.526351802834479743e-02 8.530463402831840458e-01 3.092229053489387383e-02 9.076785115357738354e-02
3.535816348547127674e+00 1.763527054108216419e+00 2.403446527893374207e-02 8.520723886393031243e-01 2.990475934184822285e-02 9.398838673991491421e-02
4.280260916769713653e+00 1.777555110220440771e+00 2.284376464034616402e-02 8.509008417337693420e-01 2.888626372462003641e-02 9.736912990126447842e-02
4.160223166228099956e+00 1.791583166332665567e+00 2.167001568346854298e-02 8.498011647783458855e-01 2.790038412207527033e-02 1.006284354161104955e-01
4.306733832510373006e+00 1.805611222444889918e+00 2.059597237692461363e-02 8.483553840324035145e-01 2.693195373685028024e-02 1.041166898538214841e-01
4.149438567700251213e+00 1.819639278557114270e+00 1.955446877713706150e-02 8.467741711079468381e-01 2.598082896594393690e-02 1.076905311489721184e-01
4.499815231709629160e+00 1.833667334669338622e+00 1.857124970798220559e-02 8.449415781964261241e-01 2.507631096374357896e-02 1.114108611318481573e-01
4.546732986730869008e+00 1.847695390781562974e+00 1.760947972662721753e-02 8.431183597658823414e-01 2.416233140797264395e-02 1.151098290995176965e-01
4.707621630197123430e+00 1.861723446893787770e+00 1.669888589934776305e-02 8.411131521851363813e-01 2.329481329839628093e-02 1.188931486171196372e-01
4.102127807852550490e+00 1.875751503006012122e+00 1.583267090807529559e-02 8.389254659431867323e-01 2.245260740993258383e-02 1.227892557388054057e-01
4.484459654028102094e+00 1.889779559118236474e+00 1.501100917976981759e-02 8.364872673980237039e-01 2.163236523211461287e-02 1.268693581900918188e-01
4.439833926061368174e+00 1.903807615230460826e+00 1.423015697631760910e-02 8.338889545799569314e-01 2.085332477856990940e-02 1.310275636651556663e-01
1.479259180332213379e-07 1.917835671342685622e+00 1.347836052652940687e-02 8.311680396506098134e-01 2.004299212855937054e-02 1.353106076943014491e-01
4.595686668523748963e+00 1.931863727454909974e+00 1.276826035631999784e-02 8.282775864737004223e-01 1.930220822635445033e-02 1.396519449436250671e-01
7.314112151503007253e-07 1.945891783567134325e+00 1.209314216500790434e-02 8.253460439788091740e-01 1.857158407727645816e-02 1.439892297789064912e-01
3.532399564502927802e+00 1.959919839679358677e+00 1.145263113510567102e-02 8.220481810848729864e-01 1.784898988248107693e-02 1.486501978975401372e-01
4.700097897574451622e+00 1.973947895791583029e+00 1.084089675713885599e-02 8.188298738448158698e-01 1.716868213254926431e-02 1.531605472654960776e-01
4.289831811019999996e+00 1.987975951903807825e+00 1.026014484698173183e-02 8.152411477917592686e-01 1.650715961539620316e-02 1.579915477458628814e-01
5.862731951273486564e-01 2.002004008016032177e+00 9.711648631182269453e-03 8.114752535928535515e-01 1.586253684881801934e-02 1.629505609271460487e-01
1.215859487066316256e-09 2.016032064128256529e+00 9.190267957012930936e-03 8.077205062814412084e-01 1.522325308314052134e-02 1.678659726784055284e-01
4.713474020870063619e+00 2.030060120240480881e+00 8.689064278573457520e-03 8.038806547516699208e-01 1.462682549802055490e-02 1.728034554717360061e-01
3.345409138449919162e+00 2.044088176352705233e+00 8.212017995574784346e-03 7.996547119040904317e-01 1.403435520323771148e-02 1.780989148970970326e-01
4.491263535273142815e-01 2.058116232464930029e+00 7.766090948858012794e-03 7.954224867064938476e-01 1.347492546031615543e-02 1.833364968843320675e-01
3.714216967107708545e+00 2.072144288577154381e+00 7.345028752833192461e-03 7.908458007805856393e-01 1.292844654430535221e-02 1.888807239222757561e-01
4.869994659455858965e+00 2.086172344689378733e+00 6.940142201808142952e-03 7.863234511097316748e-01 1.239472363360689597e-02 1.943416830548533591e-01
3.920285953081699449e-07 2.100200400801603084e+00 6.565069461300134142e-03 7.815323604345968400e-01 1.189329914964440925e-02 2.000092709544587233e-01
2.923883358080267136e-12 2.114228456913827880e+00 6.198550450486837657e-03 7.768225164369984004e-01 1.139539842386733809e-02 2.055835346886474291e-01
8.726352973934476837e-13 2.128256513026052232e+00 5.859942740559878974e-03 7.717341688696234270e-01 1.092626119584742296e-02 2.114796271939693162e-01
3.509480183285722976e+00 2.142284569138276584e+00 5.535622648350276703e-03 7.667300090502949805e-01 1.046104709074325255e-02 2.172733212106114642e-01
4.185570158516014772e+00 2.156312625250500936e+00 5.227970374726351697e-03 7.612922194694630162e-01 1.002840233971947180e-02 2.234514078160912964e-01
4.655913605832489921e+00 2.170340681362725288e+00 4.936826803422077192e-03 7.558745164174384135e-01 9.606246051232253391e-03 2.295824107279072213e-01
3.796511708480911906e+00 2.184368737474950084e+00 4.666064161430732646e-03 7.503182362088398616e-01 9.198699680411743726e-03 2.358169999493177349e-01
4.166552651424456855e+00 2.198396793587174436e+00 4.404784583723948647e-03 7.446032556243008527e-01 8.793566471704808082e-03 2.421983933202704053e-01
4.766578939903231671e+00 2.212424849699398788e+00 4.160768396409661625e-03 7.388878714619400156e-01 8.421695643770824719e-03 2.485296644978796377e-01
7.925779382016626129e-02 2.226452905811623140e+00 3.929918052637927997e-03 7.326317785604831156e-01 8.060665627146669510e-03 2.553776377597325453e-01
4.006083138908942409e+00 2.240480961923847936e+00 3.705389701224470322e-03 7.268045331507076989e-01 7.704875091072894804e-03 2.617852020569949034e-01
4.565310828930791764e+00 2.254509018036072288e+00 3.502151275935837336e-03 7.205796093394072344e-01 7.369478475280215844e-03 2.685487609093766825e-01
4.842543415635415904e+00 2.268537074148296639e+00 3.303343742207875272e-03 7.143968074831650306e-01 7.045022637929673238e-03 2.752548261366973836e-01
1.757261003531096001e-12 2.282565130260520991e+00 3.118100106046555603e-03 7.079310188041280094e-01 6.732024049370962694e-03 2.822188570404544627e-01
0.000000000000000000e+00 2.296593186372745343e+00 2.943072396179239290e-03 7.012937143135956619e-01 6.436205564307201192e-03 2.893270077259179618e-01
4.800230684010181825e+00 2.310621242484970139e+00 2.780108217802791312e-03 6.944729893313091873e-01 6.150260393639222188e-03 2.965966420572488382e-01
9.902536369301122576e-01 2.324649298597194491e+00 2.622247472126890827e-03 6.878161291597951754e-01 5.872593886543008013e-03 3.036890294815349223e-01
0.000000000000000000e+00 2.338677354709418843e+00 2.472974337250222719e-03 6.810712382663391962e-01 5.608952297644223886e-03 3.108468350987663165e-01
5.084301997658320266e-10 2.352705410821643195e+00 2.335831580658595443e-03 6.739272499495742030e-01 5.356577480544073670e-03 3.183803409892231318e-01
3.803869192774362862e+00 2.366733466933867547e+00 2.204150045339192242e-03 6.670593838373238826e-01 5.109503157376273953e-03 3.256269629599606863e-01
0.000000000000000000e+00 2.380761523046092343e+00 2.079141978491358747e-03 6.599886775905736691e-01 4.876431895213841072e-03 3.330557485357212855e-01
4.064489127483908425e-09 2.394789579158316695e+00 1.964063675516484597e-03 6.525993971664678650e-01 4.654623624845752490e-03 3.407819155331697769e-01
4.232580725842764124e+00 2.408817635270541047e+00 1.853489562286706393e-03 6.452977891834184021e-01 4.440202230868373762e-03 3.484085190234264551e-01
1.927036310159111227e-11 2.422845691382765398e+00 1.750082944214158926e-03 6.378493678721105509e-01 4.236871033633939944e-03 3.561636781500412963e-01
1.107203805961501364e-02 2.436873747494990194e+00 1.650564890908249064e-03 6.305125176054534597e-01 4.039660687137008356e-03 3.637972568165013798e-01
3.810562201770298696e+00 2.450901803607214546e+00 1.557392321147177752e-03 6.231432401484294781e-01 3.853011522782109639e-03 3.714463560076411430e-01
1.123545700926970190e-13 2.464929859719438898e+00 1.470861987120128866e-03 6.152546569334474968e-01 3.675692583563773194e-03 3.795987884958686998e-01
4.433048059801469876e+00 2.478957915831663250e+00 1.388217915842777667e-03 6.075035771468865198e-01 3.502661056956274128e-03 3.876055438803143183e-01
0.000000000000000000e+00 2.492985971943887602e+00 1.310116028764919975e-03 5.999165104992035813e-01 3.339923500742405290e-03 3.954334499712891526e-01
3.966321970779123074e+00 2.507014028056112398e+00 1.237196634756631240e-03 5.921175466134802612e-01 3.181838999264780931e-03 4.034634177524984433e-01
4.711764423052286859e-10 2.521042084168336750e+00 1.167443556632763533e-03 5.843391224112758353e-01 3.031299281157728929e-03 4.114621347509337945e-01
1.842126453075759549e-11 2.535070140280561102e+00 1.102877818227014509e-03 5.764431865086151463e-01 2.887559765769392821e-03 4.195663759073883781e-01
1.576123943307566845e-03 2.549098196392785454e+00 1.041240520922583632e-03 5.686764227698006824e-01 2.751076587586308905e-03 4.275312601216905151e-01
4.811246571311270870e+00 2.563126252505010250e+00 9.830581978579491873e-04 5.606134389582163591e-01 2.621005896007110557e-03 4.357824969479185961e-01
4.112387644312411439e+00 2.577154308617234602e+00 9.287548292470611602e-04 5.522990145184031308e-01 2.496245052372883175e-03 4.442759855999768859e-01
4.096450975841281483e+00 2.591182364729458953e+00 8.776295515798874462e-04 5.444172296062570471e-01 2.377087086625803269e-03 4.523280537555370850e-01
1.918465386570673049e-13 2.605210420841683305e+00 8.277837673066210317e-04 5.365859353813779986e-01 2.262974527004793165e-03 4.603233063243105661e-01
4.770909043019096352e+00 2.619238476953907657e+00 7.828937150650989302e-04 5.282582572261115272e-01 2.154503297610105717e-03 4.688043457612132703e-01
3.626658488416244079e-08 2.633266533066132453e+00 7.393563677662391611e-04 5.203616385943957701e-01 2.051792720829578951e-03 4.768472123170084398e-01
4.506903065143400333e+00 2.647294589178356805e+00 6.996816623002354452e-04 5.122567133276128004e-01 1.953595868285297205e-03 4.850900091418016147e-01
4.565157814404321890e+00 2.661322645290581157e+00 6.600929174413847252e-04 5.041163442573547426e-01 1.858110702016065562e-03 4.933654521231878864e-01
4.369980633860889974e+00 2.675350701402805509e+00 6.244538744884229383e-04 4.960951025699519845e-01 1.768145172663554508e-03 5.015122983828959047e-01
8.046822552071972723e-01 2.689378757515030305e+00 5.903504936119328061e-04 4.878747964606084397e-01 1.683386916267848961e-03 5.098514661295118211e-01
0.000000000000000000e+00 2.703406813627254657e+00 5.584575602459551473e-04 4.796595261445232294e-01 1.602727546783062808e-03 5.181792887484477639e-01
0.000000000000000000e+00 2.717434869739479009e+00 5.276932457801064222e-04 4.718345948479050200e-01 1.524439275373273709e-03 5.261132726309416530e-01
