# Y X a0 a1 a2 a3
2.165264711615580318e+00 -1.000000000000000000e+00 7.179302533649818685e-02 7.938699155919430872e-01 1.335311119204083685e-01 8.059471511502710106e-04
2.182537110691847193e+00 -9.859719438877755371e-01 7.295638599070791708e-02 7.912529575803064485e-01 1.349831174764296593e-01 8.075389525559315993e-04
2.241133440753575456e+00 -9.719438877755510742e-01 7.405844889169167777e-02 7.886900828194380875e-01 1.364432389332290996e-01 8.082293556411256422e-04
2.228375747721768718e+00 -9.579158316633266113e-01 7.517989296860719262e-02 7.861784230218946679e-01 1.378322235691582520e-01 8.094604403397541535e-04
1.815518091282076085e+00 -9.438877755511021483e-01 7.640132047133042781e-02 7.836381545485227029e-01 1.391490204421081955e-01 8.115045380387135186e-04
1.998407045286017869e+00 -9.298597194388777964e-01 7.751767839603775079e-02 7.810503447659283838e-01 1.406192583794103057e-01 8.127184586234727833e-04
2.015736320497211409e+00 -9.158316633266533335e-01 7.872186967016403525e-02 7.783534127654129220e-01 1.421096223608951936e-01 8.150952035277912473e-04
1.742631670057708027e+00 -9.018036072144288706e-01 7.993038329687832122e-02 7.757419165240063696e-01 1.435090485382022607e-01 8.186516409131404772e-04
2.169877390233452719e+00 -8.877755511022044077e-01 8.100788152817903209e-02 7.732441437874373324e-01 1.449271222399400039e-01 8.208524444436339756e-04
1.883510082516624884e+00 -8.737474949899799448e-01 8.229329022230183477e-02 7.704703935750466526e-01 1.464119764763382736e-01 8.243397263132378481e-04
1.812556746559955467e+00 -8.597194388777554819e-01 8.347690302098569048e-02 7.680139384558887228e-01 1.476816548543062046e-01 8.275036688194183001e-04
2.192861906567222352e+00 -8.456913827655310190e-01 8.467484617219266096e-02 7.652607052960196388e-01 1.492328552211422688e-01 8.315933106454368286e-04
2.026579272928132447e+00 -8.316633266533066671e-01 8.591342176232463768e-02 7.627352658794812612e-01 1.505163985353904221e-01 8.349138228037092336e-04
2.463501962223207720e+00 -8.176352705410820931e-01 8.704912893849152400e-02 7.601099838194813607e-01 1.520015412417274336e-01 8.393460002996450033e-04
2.667571947903900842e+00 -8.036072144288577412e-01 8.833309890322948998e-02 7.573056487411717885e-01 1.535171723271594180e-01 8.440800284392898593e-04
1.892566927116698050e+00 -7.895791583166332783e-01 8.954342982913940374e-02 7.548282046240469834e-01 1.547792724114721574e-01 8.490931353415027451e-04
2.446595078015745717e+00 -7.755511022044088154e-01 9.070054681532806196e-02 7.522999495525670710e-01 1.561459181352780334e-01 8.535854968266675009e-04
2.220691595437668475e+00 -7.615230460921843525e-01 9.196640641307780861e-02 7.495756045950752178e-01 1.575987885270371258e-01 8.592004648097789502e-04
1.935157332994664081e+00 -7.474949899799598896e-01 9.319939537612040303e-02 7.468673307089453983e-01 1.590682776873870163e-01 8.649962275472023636e-04
2.425218090716332320e+00 -7.334669338677355377e-01 9.432691620089983520e-02 7.444331240137649353e-01 1.603693850449596503e-01 8.705747403756980765e-04
2.717833101354452552e+00 -7.194388777555109638e-01 9.561534326693033048e-02 7.417511270610860352e-01 1.617561115517471282e-01 8.774181202365884070e-04
2.164813916145773565e+00 -7.054108216432866119e-01 9.678880319215353578e-02 7.392372004744804936e-01 1.630894377725839173e-01 8.845585607821262715e-04
2.201621657558330725e+00 -6.913827655310621489e-01 9.794830330974374499e-02 7.367532337836102396e-01 1.644078015028962447e-01 8.906614037498611835e-04
2.744190057534431570e+00 -6.773547094188376860e-01 9.917808983095260933e-02 7.340788052401522323e-01 1.658434996644085613e-01 8.996052644865381838e-04
1.904177122094122376e+00 -6.633266533066132231e-01 1.003647839360800459e-01 7.315358101272640967e-01 1.671920472280962189e-01 9.073587085598036400e-04
2.232167620877768766e+00 -6.492985971943887602e-01 1.015524711841743338e-01 7.291635117163068891e-01 1.683687684875792845e-01 9.152486119396145573e-04
2.621473513884273299e+00 -6.352705410821642973e-01 1.028094724769108015e-01 7.263974035926662465e-01 1.698684954009833936e-01 9.246285294395318590e-04
2.833818013835119665e+00 -6.212424849699398344e-01 1.039063276835755639e-01 7.240275525690337277e-01 1.711327055888308690e-01 9.334141585599617418e-04
2.276341441743470639e+00 -6.072144288577154825e-01 1.050661836481426303e-01 7.215624139614053023e-01 1.724288727901378548e-01 9.425296003143106326e-04
2.205921122287562763e+00 -5.931863727454909085e-01 1.062084888316353476e-01 7.191979117057748505e-01 1.736409776906695512e-01 9.526217719203083391e-04
2.838676580113350667e+00 -5.791583166332665567e-01 1.073368467685194977e-01 7.167503032317319445e-01 1.749503719435814564e-01 9.624780561670724134e-04
2.514274593195173768e+00 -5.651302605210420937e-01 1.084746266814203969e-01 7.143991229529659259e-01 1.761517523601003610e-01 9.744980055133875638e-04
2.738353423835045319e+00 -5.511022044088176308e-01 1.095845972626598996e-01 7.120827595579029001e-01 1.773474774450148894e-01 9.851657344222995369e-04
2.777254961348519124e+00 -5.370741482965931679e-01 1.107146262108351237e-01 7.095271836510862462e-01 1.787609256293432036e-01 9.972645087355346948e-04
2.884166493349750837e+00 -5.230460921843687050e-01 1.118245400986288413e-01 7.072789577064670929e-01 1.798857588560205112e-01 1.010743338883603615e-03
2.947546937989778293e+00 -5.090180360721443531e-01 1.128745914834300978e-01 7.050612475533371004e-01 1.810415575438034386e-01 1.022603419429274699e-03
2.671899982635715709e+00 -4.949899799599197792e-01 1.139259840962459358e-01 7.028068264740002791e-01 1.822314651518928685e-01 1.035724277860997035e-03
2.336024655893620405e+00 -4.809619238476954273e-01 1.149584057900030903e-01 7.006719723974499381e-01 1.833200719319149352e-01 1.049549880631996676e-03
2.847653000127869038e+00 -4.669338677354709644e-01 1.159565179516102718e-01 6.985971184333474859e-01 1.843824137298802623e-01 1.063949885161981270e-03
2.500286701393530819e+00 -4.529058116232465014e-01 1.169581356874260514e-01 6.963495610484189413e-01 1.856122522942591224e-01 1.080050969895799459e-03
2.857759920846169255e+00 -4.388777555110220385e-01 1.179349923736264238e-01 6.942207034636496132e-01 1.867488395065766971e-01 1.095464656147239393e-03
2.761901729665675376e+00 -4.248496993987975756e-01 1.188850108210725010e-01 6.921007289618505975e-01 1.879021948393925501e-01 1.112065377684517097e-03
2.131445143892326755e+00 -4.108216432865731127e-01 1.198602140428707413e-01 6.900881133635313747e-01 1.889221968796879758e-01 1.129475713909938554e-03
3.038100921240177943e+00 -3.967935871743486498e-01 1.208126163092717170e-01 6.880221624285607351e-01 1.900181182029217208e-01 1.147103059245929571e-03
2.887904979249367621e+00 -3.827655310621242979e-01 1.215687429258348606e-01 6.863157726589147467e-01 1.909504140298407537e-01 1.165070385409688360e-03
2.357452520618183112e+00 -3.687374749498998350e-01 1.225687586743557655e-01 6.841171616210909301e-01 1.921290684193562304e-01 1.185011285196987691e-03
2.907770912052464407e+00 -3.547094188376753721e-01 1.233458534001099782e-01 6.825074563480151291e-01 1.929412993271226173e-01 1.205390924752283190e-03
2.276795076327686740e+00 -3.406813627254509091e-01 1.241275638287036021e-01 6.807613702445510784e-01 1.938849713035397104e-01 1.226094623205504401e-03
2.210137860809965993e+00 -3.266533066132264462e-01 1.249266701941619262e-01 6.789180114535635635e-01 1.949074136715727434e-01 1.247904680701940761e-03
2.893666536678789480e+00 -3.126252505010019833e-01 1.257370627434878929e-01 6.771894269078796436e-01 1.958022892476275201e-01 1.271221101004981835e-03
3.162209236117896616e+00 -2.985971943887775204e-01 1.264092088080711052e-01 6.756048472732304466e-01 1.966914403485185425e-01 1.294503570179849966e-03
2.228603240001203911e+00 -2.845691382765530575e-01 1.271132992393717298e-01 6.739367290874330729e-01 1.976315127584800657e-01 1.318458914715082107e-03
2.860303448991420971e+00 -2.705410821643285946e-01 1.277809565238453848e-01 6.723566547300093843e-01 1.985179523116050171e-01 1.344436434540251290e-03
2.629404290799818078e+00 -2.565130260521042427e-01 1.283997232956917423e-01 6.709147594290028049e-01 1.993163607428082851e-01 1.369156532497056711e-03
3.216199224907292820e+00 -2.424849699398797798e-01 1.290162064623083804e-01 6.695320986521225981e-01 2.000534327782282074e-01 1.398262107340802855e-03
3.117287923106413228e+00 -2.284569138276553169e-01 1.295509384667660469e-01 6.681560502526617817e-01 2.008659112215232245e-01 1.427100059048958588e-03
3.102994750606884899e+00 -2.144288577154308539e-01 1.300378477719050796e-01 6.668382658105901362e-01 2.016670931483496298e-01 1.456793269155204698e-03
2.850671600280162643e+00 -2.004008016032063910e-01 1.306467481443134016e-01 6.655326409789977804e-01 2.023330353650391877e-01 1.487575511649630311e-03
3.284413963556100491e+00 -1.863727454909819281e-01 1.311153587998690750e-01 6.641765972812243568e-01 2.031880830505670421e-01 1.519960868339423040e-03
3.315515822596294626e+00 -1.723446893787574652e-01 1.314401755033126340e-01 6.631620938551584521e-01 2.038434179821301817e-01 1.554312659398811563e-03
3.166821206465263217e+00 -1.583166332665331133e-01 1.317991688307832421e-01 6.621615611818837399e-01 2.044504344192536460e-01 1.588835568079408848e-03
3.202171789007318470e+00 -1.442885771543086504e-01 1.321712671959184571e-01 6.610518751344348631e-01 2.051512689817110990e-01 1.625588687935480576e-03
2.486392046144530799e+00 -1.302605210420841875e-01 1.325008215346334950e-01 6.600998590733456739e-01 2.057362882136847260e-01 1.663031178336094517e-03
2.499264900372190290e+00 -1.162324649298597246e-01 1.328172312086274565e-01 6.590977140688125679e-01 2.063811543835064877e-01 1.703900339053511124e-03
2.963777271971373750e+00 -1.022044088176352616e-01 1.330617234531244752e-01 6.584143431742065511e-01 2.067800343049975009e-01 1.743899067671495504e-03
3.141661106218422983e+00 -8.817635270541079873e-02 1.332318889987601229e-01 6.576866105345023916e-01 2.072953202733347766e-01 1.786180193402795791e-03
2.853522999400729177e+00 -7.414829659318633581e-02 1.334657995714638723e-01 6.568875739443424955e-01 2.078158774345205129e-01 1.830749049673149279e-03
3.145318936267780696e+00 -6.012024048096187290e-02 1.334505791008182840e-01 6.564208677476822684e-01 2.082501732052262078e-01 1.878379946273299201e-03
2.972517066723685097e+00 -4.609218436873740998e-02 1.336254713952600148e-01 6.559787942830439533e-01 2.084695179834794854e-01 1.926216338216628007e-03
3.359939910052972323e+00 -3.206412825651305809e-02 1.336857841996955953e-01 6.551854227579883005e-01 2.091503297838907816e-01 1.978463258425231484e-03
2.831662210319414008e+00 -1.803607214428859518e-02 1.336445955942633101e-01 6.549232205105337545e-01 2.094045028610867221e-01 2.027681034116153840e-03
2.709497424663811938e+00 -4.008016032064132261e-03 1.335669169830948355e-01 6.547328693016780665e-01 2.096166677983031246e-01 2.083545916923913548e-03
2.708373809241559904e+00 1.002004008016044168e-02 1.334805808406913374e-01 6.543362619319612605e-01 2.100425809688338530e-01 2.140576258513438891e-03
2.627090730596419288e+00 2.404809619238479357e-02 1.334905456425305170e-01 6.539839665087368026e-01 2.103249855982468053e-01 2.200502250485810492e-03
3.336597606399089422e+00 3.807615230460914546e-02 1.332392501376280236e-01 6.539322326664929186e-01 2.105665960591359132e-01 2.261921136743204937e-03
3.024175950253746858e+00 5.210420841683371940e-02 1.330538181087104754e-01 6.539860438030601353e-01 2.106343204983966710e-01 2.325817589832477553e-03
3.421053319005234794e+00 6.613226452905807129e-02 1.328398136336898516e-01 6.537776152759454673e-01 2.109899351480557794e-01 2.392635942308854371e-03
2.581149186167784659e+00 8.016032064128264523e-02 1.325694122259397922e-01 6.538084148470727497e-01 2.111579653935255207e-01 2.464207533461957710e-03
2.610617139237750184e+00 9.418837675350699712e-02 1.322428999752975343e-01 6.540245754762092911e-01 2.111970779500479678e-01 2.535446598445123979e-03
3.323900262658114890e+00 1.082164328657315711e-01 1.318098550280522585e-01 6.544281020211449862e-01 2.111508103585268692e-01 2.611232592275813686e-03
3.456057164643782098e+00 1.222444889779559229e-01 1.313694058812185927e-01 6.545250326035388921e-01 2.114133146649153916e-01 2.692246850327219797e-03
3.049897609982052060e+00 1.362725450901802748e-01 1.308881733074681308e-01 6.551223765500595597e-01 2.112145508273811367e-01 2.774899315091209576e-03
3.128946215651440710e+00 1.503006012024048488e-01 1.303849844394035506e-01 6.555473603751127420e-01 2.112084428608640430e-01 2.859212324619725062e-03
2.907975798890733543e+00 1.643286573146292007e-01 1.299622033398245002e-01 6.560536303710677863e-01 2.110343921760104435e-01 2.949774113097255145e-03
2.933174820802787242e+00 1.783567134268537746e-01 1.292916410741085653e-01 6.566727580154451127e-01 2.109903112134842440e-01 3.045289696962181179e-03
3.442943248027790393e+00 1.923847695390781265e-01 1.287332462309445646e-01 6.573341129301633057e-01 2.107898142889855220e-01 3.142826549906494078e-03
3.690293343608305854e+00 2.064128256513027004e-01 1.281097603780911032e-01 6.579227209072673332e-01 2.107252185032215952e-01 3.242300211419946697e-03
3.324796771345393864e+00 2.204408817635270523e-01 1.273475403599022560e-01 6.589550300360416113e-01 2.103489575462151595e-01 3.348472057841017906e-03
2.875898662492481606e+00 2.344689378757514042e-01 1.265876721372928282e-01 6.598297403196692335e-01 2.101190887303862886e-01 3.463498812651519612e-03
3.300953187015065016e+00 2.484969939879759782e-01 1.258525278873383890e-01 6.606093482428830876e-01 2.099577839583385008e-01 3.580339911439983473e-03
3.642110659721558896e+00 2.625250501002003300e-01 1.250197053034606265e-01 6.617946458837350443e-01 2.094880185493815938e-01 3.697630263422708487e-03
3.119061895224103154e+00 2.765531062124249040e-01 1.241611176886186496e-01 6.629227188857907960e-01 2.090898977458063024e-01 3.826265679784126694e-03
3.662101549057759975e+00 2.905811623246492559e-01 1.232504439135174573e-01 6.641970456410627444e-01 2.085952170445830034e-01 3.957293400836816612e-03
3.224057049903008121e+00 3.046092184368738298e-01 1.223766352337139207e-01 6.652164762920074192e-01 2.083093165177034023e-01 4.097571956575347951e-03
3.490550083210147037e+00 3.186372745490981817e-01 1.214072337561025866e-01 6.666365044402808859e-01 2.077153213303068457e-01 4.240940473309658294e-03
2.984210510551188023e+00 3.326653306613227556e-01 1.204095211904133711e-01 6.680277019764079283e-01 2.071705861882605915e-01 4.392190644918164688e-03
3.279738825230962718e+00 3.466933867735471075e-01 1.194199094732068811e-01 6.695291992652480095e-01 2.065022312387559678e-01 4.548660022789194519e-03
3.615368061312696835e+00 3.607214428857714594e-01 1.182791118272290415e-01 6.711083702301523513e-01 2.059003589942796641e-01 4.712158948339003825e-03
2.940554966056676101e+00 3.747494989979960334e-01 1.172265360822657004e-01 6.726348073482766310e-01 2.052529176036945180e-01 4.885738965763236456e-03
3.647749548846271672e+00 3.887775551102203853e-01 1.160759483692422461e-01 6.743659548197996623e-01 2.044913268733069278e-01 5.066769937651069249e-03
3.003093105117311090e+00 4.028056112224449592e-01 1.148905350758973598e-01 6.760165433519700340e-01 2.038393883776491444e-01 5.253533194483524238e-03
3.864209624889777039e+00 4.168336673346693111e-01 1.137835402901398174e-01 6.778709316419773145e-01 2.028954949656261164e-01 5.450033102256802812e-03
3.326240482928421560e+00 4.308617234468938850e-01 1.124365357743175864e-01 6.798915076943300440e-01 2.020188511517421182e-01 5.653105379610414566e-03
3.941784430798104477e+00 4.448897795591182369e-01 1.112732841392725103e-01 6.816047905097800674e-01 2.012486176334012944e-01 5.873307717546199895e-03
3.156216754302326510e+00 4.589178356713428109e-01 1.099796468100183167e-01 6.836133144991395350e-01 2.003135983192804448e-01 6.093440371561712268e-03
3.045252502644566039e+00 4.729458917835671627e-01 1.086149839281082691e-01 6.857945390796005292e-01 1.992634566897859838e-01 6.327020302505240515e-03
3.675845322807955728e+00 4.869739478957915146e-01 1.072492567449506023e-01 6.880090440875373803e-01 1.981694086295024693e-01 6.572290538009419730e-03
3.840435274547991717e+00 5.010020040080160886e-01 1.059379751699295741e-01 6.900172135498916504e-01 1.972175997242939793e-01 6.827211555884857806e-03
3.417098514258435138e+00 5.150300601202404405e-01 1.046635045551129323e-01 6.922228515142747618e-01 1.960180396277899917e-01 7.095604302822265674e-03
3.698256859056675339e+00 5.290581162324650144e-01 1.031666319369782397e-01 6.946390325861151460e-01 1.948232563626100255e-01 7.371079114296690167e-03
3.509282434766070935e+00 5.430861723446893663e-01 1.017366426226659487e-01 6.970853534841704446e-01 1.935157780681194262e-01 7.662225825044230790e-03
3.374531723448615850e+00 5.571142284569139402e-01 1.003277323558168371e-01 6.993170578875508303e-01 1.923845807577391487e-01 7.970628998893190820e-03
3.077725970404420419e+00 5.711422845691382921e-01 9.892877553338737251e-02 7.015920949581921917e-01 1.911870268196392830e-01 8.292102688781213468e-03
3.974418692451143542e+00 5.851703406813626440e-01 9.738742900765263999e-02 7.040424780894940504e-01 1.899423080255099039e-01 8.627784877343412651e-03
3.984303723600993496e+00 5.991983967935872180e-01 9.584526099958183554e-02 7.066806833213935546e-01 1.885019574862110414e-01 8.972098192813601422e-03
3.585365932471793027e+00 6.132264529058115698e-01 9.438353903841453785e-02 7.091603047631471757e-01 1.871142981820423379e-01 9.341858016396038800e-03
3.422823359606677940e+00 6.272545090180361438e-01 9.282264300330779483e-02 7.117974249299048317e-01 1.856642193193684398e-01 9.715712747419041201e-03
3.959682708249403937e+00 6.412825651302604957e-01 9.125845000417072417e-02 7.144906405224569212e-01 1.841374269955884935e-01 1.011348247778379346e-02
3.332900455781832250e+00 6.553106212424850696e-01 8.973906131200615199e-02 7.171241208434562253e-01 1.826062599290661503e-01 1.053055791547139255e-02
3.744970656494939654e+00 6.693386773547094215e-01 8.817584503750286462e-02 7.198555288997731116e-01 1.809995086468031145e-01 1.096911741592082254e-02
3.646132000518529814e+00 6.833667334669337734e-01 8.659040843591249426e-02 7.226669307080396676e-01 1.793253487181751538e-01 1.141731213787276593e-02
3.661487126276520065e+00 6.973947895791583473e-01 8.502852018894549446e-02 7.253069043522706316e-01 1.777670852359429787e-01 1.189749022284090733e-02
3.408506860721194354e+00 7.114228456913826992e-01 8.344333727509203880e-02 7.281905300692241845e-01 1.759672140998607692e-01 1.239891855582301271e-02
3.367910417350751917e+00 7.254509018036072732e-01 8.188758853869976262e-02 7.309817365640061126e-01 1.742244925848290271e-01 1.290618231246512711e-02
4.003295346406146926e+00 7.394789579158316251e-01 8.026008923178613863e-02 7.338703465086090505e-01 1.724160789257413173e-01 1.345348533386348834e-02
3.521341615885062559e+00 7.535070140280561990e-01 7.870125249193467287e-02 7.367054497733550589e-01 1.705644061099596542e-01 1.402889162475055677e-02
4.064441407676723017e+00 7.675350701402805509e-01 7.708812161918196515e-02 7.394036090004175721e-01 1.688860504667009932e-01 1.462221891369958407e-02
3.824141082290205773e+00 7.815631262525051248e-01 7.551081152615760073e-02 7.424039520198719710e-01 1.668473562225925855e-01 1.523788023137784796e-02
4.282797324669855854e+00 7.955911823647294767e-01 7.389962592063781255e-02 7.452914827783216900e-01 1.649292085788564288e-01 1.587968272218404781e-02
3.463121764980006567e+00 8.096192384769538286e-01 7.230258610598441771e-02 7.481487398649222520e-01 1.630020798745457633e-01 1.654659415454753230e-02
3.671030484725442022e+00 8.236472945891784025e-01 7.068461691976335448e-02 7.509166785688931034e-01 1.611454112569193076e-01 1.725329325442410619e-02
4.184343273579688827e+00 8.376753507014027544e-01 6.917852251989785317e-02 7.538275223564598893e-01 1.590085199658236303e-01 1.798543515781875907e-02
3.745820426085495480e+00 8.517034068136273284e-01 6.753448234598148636e-02 7.566943694413482691e-01 1.570215248409197462e-01 1.874962337175049495e-02
3.531074335580984158e+00 8.657314629258516803e-01 6.596894050800634901e-02 7.594790898609317109e-01 1.549877264834180479e-01 1.956424314764404135e-02
4.260824788897001447e+00 8.797595190380762542e-01 6.446980092317339261e-02 7.623594038010289564e-01 1.527764548037449932e-01 2.039434047205272021e-02
4.206636089405403567e+00 8.937875751503006061e-01 6.287047505945378423e-02 7.652406389752460791e-01 1.506220139459805707e-01 2.126687201931963533e-02
3.517571652120374370e+00 9.078156312625251800e-01 6.134839633741673293e-02 7.680598629623489604e-01 1.484075287113802710e-01 2.218421198885408771e-02
4.316935938267339345e+00 9.218436873747495319e-01 5.982410110000119241e-02 7.707364440969445285e-01 1.463351109440257092e-01 2.310434385902864277e-02
3.710359464362159798e+00 9.358717434869738838e-01 5.826791573572670524e-02 7.735007722310289768e-01 1.441202017211462849e-01 2.411111031209809547e-02
4.380160235786893175e+00 9.498997995991984578e-01 5.680388796481593283e-02 7.761383615245300849e-01 1.418990484397638918e-01 2.515870207089002802e-02
3.507689210135333191e+00 9.639278557114228096e-01 5.533595850574771907e-02 7.786954217850239335e-01 1.397258552956469613e-01 2.624276441358134454e-02
3.787009133522718507e+00 9.779559118236473836e-01 5.385396560905490043e-02 7.813664126113026853e-01 1.374484014749987604e-01 2.733122030464382041e-02
3.600068818869368137e+00 9.919839679358717355e-01 5.237742861742301220e-02 7.839183862182843576e-01 1.351896194356659309e-01 2.851456572862679645e-02
3.705510708564123235e+00 1.006012024048096087e+00 5.093827052244186832e-02 7.864206489021940971e-01 1.329202382906739810e-01 2.972084228469011949e-02
4.114538503543616166e+00 1.020040080160320883e+00 4.950442982840033701e-02 7.889444958746547609e-01 1.305673860378114282e-01 3.098368825913340452e-02
3.565838921532991534e+00 1.034068136272545235e+00 4.809765613928932565e-02 7.914401790739213904e-01 1.281742432973088097e-01 3.228792148948047419e-02
4.381101231245623673e+00 1.048096192384769587e+00 4.674594116810849159e-02 7.936933105692668411e-01 1.258827336141248865e-01 3.367801464849977389e-02
4.065791943355851146e+00 1.062124248496993939e+00 4.538596538481100284e-02 7.958701493983174613e-01 1.236376324219125161e-01 3.510625279495902668e-02
3.686908138997165185e+00 1.076152304609218291e+00 4.399704499976234834e-02 7.982174185621060403e-01 1.212141784261674821e-01 3.657135801196396974e-02
3.811885007368908784e+00 1.090180360721443087e+00 4.269886575262017703e-02 8.002997219129137640e-01 1.188912239506228485e-01 3.811018838384306467e-02
3.685817386377087779e+00 1.104208416833667439e+00 4.138408042227840339e-02 8.022593211892684595e-01 1.166001587103398240e-01 3.975643967811325757e-02
4.260139921297255938e+00 1.118236472945891791e+00 4.013396017227299079e-02 8.041994609897764601e-01 1.142489084666502147e-01 4.141767037130046625e-02
3.632458203220661375e+00 1.132264529058116143e+00 3.885506790855085962e-02 8.060540147678884049e-01 1.119519124628137047e-01 4.313900486074701696e-02
3.835783068026271003e+00 1.146292585170340494e+00 3.761452765579068047e-02 8.077991920494992373e-01 1.096245279093027158e-01 4.496175238540731089e-02
4.308774777348586937e+00 1.160320641282565290e+00 3.640023291995828775e-02 8.094952610667744963e-01 1.072919946863801349e-01 4.681251132688710181e-02
4.231629539868878354e+00 1.174348697394789642e+00 3.523124340125273479e-02 8.110424508682350098e-01 1.049536934109166486e-01 4.877261231959559989e-02
4.635571051944849863e+00 1.188376753507013994e+00 3.408020523921382466e-02 8.124255314551823703e-01 1.026864161754175581e-01 5.080784713018617060e-02
4.260967009868258160e+00 1.202404809619238346e+00 3.292009317701235366e-02 8.138440761431440240e-01 1.003207724571670706e-01 5.291505822267655867e-02
4.154050399246542291e+00 1.216432865731463142e+00 3.182146397239753177e-02 8.150545318171242837e-01 9.800931769289009110e-02 5.511468651758790610e-02
4.625345553796096354e+00 1.230460921843687494e+00 3.074222767462424580e-02 8.161959953418772562e-01 9.570516929770991887e-02 5.735660768578857566e-02
4.142899105274262084e+00 1.244488977955911846e+00 2.968345432492957084e-02 8.171305379130823221e-01 9.342015785359236713e-02 5.976584990839581280e-02
4.641005941663382650e+00 1.258517034068136198e+00 2.862680111161388166e-02 8.180496352051381814e-01 9.116574608277591696e-02 6.215781760047191934e-02
4.214518264884001830e+00 1.272545090180360550e+00 2.759884064029664852e-02 8.188444310330028619e-01 8.890066681620958922e-02 6.465606151049095585e-02
4.741060252176875878e+00 1.286573146292585346e+00 2.660551343967360385e-02 8.195715473584601618e-01 8.660387331628024987e-02 6.721906588558607121e-02
3.998560497792371216e+00 1.300601202404809698e+00 2.566967701442401939e-02 8.199066690053494755e-01 8.445513591898992645e-02 6.996851806123660644e-02
3.862677680079808162e+00 1.314629258517034049e+00 2.470445792904079133e-02 8.202734790748212879e-01 8.227438869959535772e-02 7.274767429654242779e-02
4.821018475185340435e+00 1.328657314629258401e+00 2.382440393547607949e-02 8.204260684441041507e-01 8.011880895383048651e-02 7.563071866658942211e-02
4.146499962167148112e+00 1.342685370741483197e+00 2.291573867669085413e-02 8.204696671852350631e-01 7.799794480929590768e-02 7.861664932877825140e-02
4.105394680198286572e+00 1.356713426853707549e+00 2.205546183104405839e-02 8.203968097444689356e-01 7.587595111411238324e-02 8.167177731037461585e-02
4.156416898910169522e+00 1.370741482965931901e+00 2.120183956263686428e-02 8.201491909122917701e-01 7.374888102844608107e-02 8.490008849662543378e-02
4.481103150277030878e+00 1.384769539078156253e+00 2.041479272129978831e-02 8.196423515778021862e-01 7.169762052813903608e-02 8.824523517275899287e-02
4.081901856760159930e+00 1.398797595190380605e+00 1.961305781043955199e-02 8.191685825467261983e-01 6.962570843859544611e-02 9.159265120423885909e-02
4.501760993104644726e+00 1.412825651302605401e+00 1.882887566860441328e-02 8.184562437904584487e-01 6.763565042073282907e-02 9.507923012020433329e-02
4.171678790922203284e+00 1.426853707414829753e+00 1.808858792851210373e-02 8.174615114796595083e-01 6.567018919713404901e-02 9.877971139469432504e-02
4.805838972333031478e+00 1.440881763527054105e+00 1.735162322526443909e-02 8.164123790743751385e-01 6.372136622978337439e-02 1.025146314705771416e-01
4.208461055549202356e+00 1.454909819639278457e+00 1.666776218578740545e-02 8.151486476751357291e-01 6.179107409669539613e-02 1.063925160423815075e-01
4.463585869688792229e+00 1.468937875751502808e+00 1.598602277883416634e-02 8.137796078619297102e-01 5.990286585082071902e-02 1.103315035084154322e-01
4.076792761420533928e+00 1.482965931863727604e+00 1.534258363402166495e-02 8.120280958541847838e-01 5.807483017246116430e-02 1.145544903393323349e-01
4.101582565807792236e+00 1.496993987975951956e+00 1.469777896506527584e-02 8.104134940781432261e-01 5.623202401635587350e-02 1.186567029404354823e-01
4.026498851080782870e+00 1.511022044088176308e+00 1.407530682553833137e-02 8.085993611503533574e-01 5.441234911378661776e-02 1.229129829103215304e-01
4.869719670177368620e+00 1.525050100200400660e+00 1.349016985232094276e-02 8.063367949062298923e-01 5.267268330539659482e-02 1.275003519360526361e-01
4.758360638693884148e+00 1.539078156312625456e+00 1.292487775670304005e-02 8.039917882849366704e-01 5.096967829046923637e-02 1.321136556678909613e-01
4.281589095009382895e+00 1.553106212424849808e+00 1.236258478112810255e-02 8.015990485953243816e-01 4.926030810897415874e-02 1.367780585145734473e-01
4.685467008743491313e+00 1.567134268537074160e+00 1.183028346738519872e-02 7.989914804523745584e-01 4.760305450455992043e-02 1.415751815756803866e-01
4.576339375748706750e+00 1.581162324649298512e+00 1.132254281879052291e-02 7.960759378232362682e-01 4.600870221956682160e-02 1.465928171384063006e-01
4.384020512793115998e+00 1.595190380761522864e+00 1.083184054751955804e-02 7.930998570118623636e-01 4.442892287959324810e-02 1.516393795610247452e-01
4.160407092990084266e+00 1.609218436873747660e+00 1.035668277542095388e-02 7.898825217405459620e-01 4.287365562888528769e-02 1.568871398551477669e-01
4.309766010775528677e+00 1.623246492985972012e+00 9.894812107775086824e-03 7.866159273460033852e-01 4.137957039076753385e-02 1.621096901554540393e-01
4.741629043847570557e+00 1.637274549098196363e+00 9.452251071752969941e-03 7.829016968405207999e-01 3.991307325317657029e-02 1.677329788345497952e-01
4.478817786868693140e+00 1.651302605210420715e+00 9.027742695487372612e-03 7.792211839426935738e-01 3.847419391918045078e-02 1.732768794426386982e-01
4.858044389018878917e+00 1.665330661322645511e+00 8.622446059938150553e-03 7.750837940213015642e-01 3.707676581067266552e-02 1.792169941080874185e-01
4.760769715591933071e+00 1.679358717434869863e+00 8.227606728842744993e-03 7.711524349582483673e-01 3.569919642371109647e-02 1.849207618891978711e-01
4.331301095655063271e+00 1.693386773547094215e+00 7.853436279328919467e-03 7.667517506152625728e-01 3.436423875870622813e-02 1.910305743467023420e-01
8.433765206709052664e-02 1.707414829659318567e+00 7.496531067203463135e-03 7.622683507783363233e-01 3.310155624880651432e-02 1.971335619056535926e-01
4.441140748609996969e+00 1.721442885771542919e+00 7.149815991973142854e-03 7.575706853549579733e-01 3.185346561361879908e-02 2.034260330394499217e-01
2.384275268077084425e-02 1.735470941883767715e+00 6.811128194614286986e-03 7.528392236777958768e-01 3.061099289510142707e-02 2.097386552324883580e-01
4.300095324528882657e+00 1.749498997995992067e+00 6.496923312365581252e-03 7.476939517800532675e-01 2.942284890648366735e-02 2.163862760010975272e-01
4.466486383312065378e+00 1.763527054108216419e+00 6.188772848242589386e-03 7.423986273401231850e-01 2.826575165183706911e-02 2.231468481597970455e-01
9.929305569509676299e-02 1.777555110220440771e+00 5.895833934438054341e-03 7.370867111699584973e-01 2.715584351695642454e-02 2.298616113786472459e-01
4.444456224202596673e+00 1.791583166332665567e+00 5.617981223828208762e-03 7.315713714706566506e-01 2.608880558278834499e-02 2.367218417227267835e-01
4.799437391044197199e+00 1.805611222444889918e+00 5.352097067638421878e-03 7.257324315245790025e-01 2.503527757642230386e-02 2.438801938313603090e-01
4.279858020993074132e-04 1.819639278557114270e+00 5.091584732957549382e-03 7.200001533118847163e-01 2.401498855600633225e-02 2.508932733991515729e-01
4.346659817030041673e+00 1.833667334669338622e+00 4.849406624824284875e-03 7.140408751888333017e-01 2.301065818752372899e-02 2.580990599988186029e-01
4.598290064607061467e+00 1.847695390781562974e+00 4.614733445753847231e-03 7.077479625435194599e-01 2.206485323755831562e-02 2.655724507731683226e-01
4.110298218539004027e-04 1.861723446893787770e+00 4.388775669232819476e-03 7.013240073650138795e-01 2.114517987024701687e-02 2.731420370955064958e-01
3.489455494688558090e+00 1.875751503006012122e+00 4.173196710974554947e-03 6.948798806533246220e-01 2.024163015871780977e-02 2.807052924769830593e-01
4.426577912183259578e+00 1.889779559118236474e+00 3.970833005987271444e-03 6.882476558798846789e-01 1.939793895516458283e-02 2.883835721589634860e-01
4.813779475391979368e+00 1.903807615230460826e+00 3.774497150874270898e-03 6.814532455455427629e-01 1.855802226842941799e-02 2.962142350351535947e-01
2.571870627717666962e-05 1.917835671342685622e+00 3.587702348707241806e-03 6.746646340148222398e-01 1.774688902934640558e-02 3.040007746071241579e-01
4.704619815124106985e+00 1.931863727454909974e+00 3.413427497786569471e-03 6.673058997831027295e-01 1.699745122508222045e-02 3.122832214940283735e-01
4.780120255086872660e+00 1.945891783567134325e+00 3.241827975257777824e-03 6.601239030897423365e-01 1.624299113645575818e-02 3.203912777985442606e-01
3.260758659623678168e-01 1.959919839679358677e+00 3.079466079735357961e-03 6.530125727864997121e-01 1.552069020235564110e-02 3.283872709314093474e-01
4.799442513051603854e+00 1.973947895791583029e+00 2.927484984928098010e-03 6.451530687968471955e-01 1.484808700085049789e-02 3.370713592173743001e-01
5.832155125162552983e-05 1.987975951903807825e+00 2.780821176368926135e-03 6.378377757429004591e-01 1.416956022162930463e-02 3.452118428591012811e-01
8.208419316217190342e-01 2.002004008016032177e+00 2.641215009469259720e-03 6.302762344133263639e-01 1.352308930402050004e-02 3.535594612731838282e-01
1.764194115983037290e-07 2.016032064128256529e+00 2.506721640137495911e-03 6.225245411458026901e-01 1.291675675415716699e-02 3.620519804599027780e-01
3.523486066345626000e+00 2.030060120240480881e+00 2.382062872884374051e-03 6.147407384429310895e-01 1.233058232434917044e-02 3.705466163598353790e-01
1.483903337177664428e-01 2.044088176352705233e+00 2.262717783586921938e-03 6.065920752398030746e-01 1.175438633152463275e-02 3.793908206450852805e-01
4.731198666019612808e+00 2.058116232464930029e+00 2.146496393312850512e-03 5.987575662241724217e-01 1.120679883931506235e-02 3.878891385431995631e-01
4.650275115477230159e+00 2.072144288577154381e+00 2.037186963841091866e-03 5.904850358321337422e-01 1.068478522896209107e-02 3.967929919750630696e-01
2.821876070131745235e-11 2.086172344689378733e+00 1.934958753616547933e-03 5.822690079341453773e-01 1.019034913616323305e-02 4.056056841760747322e-01
3.810304874389148999e+00 2.100200400801603084e+00 1.835846442260745739e-03 5.740840246678661218e-01 9.707192791700680612e-03 4.143729360981724397e-01
4.469301497654222370e-06 2.114228456913827880e+00 1.742431099587259677e-03 5.656448029589499216e-01 9.243387063206591481e-03 4.233693788782563194e-01
2.056621751221232930e-09 2.128256513026052232e+00 1.653467371863157065e-03 5.574939619349078557e-01 8.800737912788694772e-03 4.320518327804403480e-01
2.195868039136451011e-01 2.142284569138276584e+00 1.568149826373771514e-03 5.489345838411914258e-01 8.381929615621962898e-03 4.411153367168129669e-01
2.036995581875262014e-08 2.156312625250500936e+00 1.487462457126046160e-03 5.405991468919285614e-01 7.976641563956393330e-03 4.499367490869889963e-01
2.125764117752361404e+00 2.170340681362725288e+00 1.412791978639541847e-03 5.321906633990974855e-01 7.587348042992741147e-03 4.588091965792700511e-01
4.656039950750013645e+00 2.184368737474950084e+00 1.339296265364084242e-03 5.234999312144924533e-01 7.213254871885526991e-03 4.679475176482579268e-01
1.476694333280755939e-10 2.198396793587174436e+00 1.272455820803132954e-03 5.147687592951869506e-01 6.867741055092864422e-03 4.770910438289169830e-01
3.952393967673368269e-14 2.212424849699398788e+00 1.205649211357282197e-03 5.062469789113237528e-01 6.527079101157411307e-03 4.860202927761614888e-01
4.036171464635102601e-04 2.226452905811623140e+00 1.144817155470001903e-03 4.978927181414370962e-01 6.206895846321883702e-03 4.947555688567711329e-01
4.860754196351961376e+00 2.240480961923847936e+00 1.085870674554837182e-03 4.892923638477767456e-01 5.896239176671852662e-03 5.037255263009964290e-01
4.913180985245841184e-11 2.254509018036072288e+00 1.030265750423527181e-03 4.806373817086216360e-01 5.601134887066036745e-03 5.127312176538887378e-01
6.599165658589675271e-13 2.268537074148296639e+00 9.778726741550046800e-04 4.719408947086631279e-01 5.322025886106843476e-03 5.217592067310750092e-01
4.817411406289275000e+00 2.282565130260520991e+00 9.277473786220448828e-04 4.633894966471800991e-01 5.050494177282685918e-03 5.306322617969152500e-01
2.196021142949685209e-12 2.296593186372745343e+00 8.801090126342611631e-04 4.549733892108520084e-01 4.797591579520847464e-03 5.393489101969928257e-01
2.960627078450881172e-03 2.310621242484970139e+00 8.356968352250169997e-04 4.461709241556003902e-01 4.555735387872543972e-03 5.484376436213019845e-01
4.472963793553943468e+00 2.324649298597194491e+00 7.925511931101402461e-04 4.379781060752597766e-01 4.325128111303385044e-03 5.569042146203266874e-01
2.562394740867690531e-13 2.338677354709418843e+00 7.525204843990902955e-04 4.295047076689556542e-01 4.105532788427853665e-03 5.656372390582173892e-01
4.096927348479757924e+00 2.352705410821643195e+00 7.147057679652340980e-04 4.210547670113304886e-01 3.894738925125997963e-03 5.743357882955782978e-01
3.108624468950921490e-15 2.366733466933867547e+00 6.784481974098765383e-04 4.124761816205568810e-01 3.696370231178051132e-03 5.831489999508551181e-01
3.152544896773878941e-11 2.380761523046092343e+00 6.440265246600220417e-04 4.041649122351267387e-01 3.505704610914272840e-03 5.916853566292989974e-01
2.628231000733123290e-10 2.394789579158316695e+00 6.116422892125134448e-04 3.959970287365042751e-01 3.327154558896059777e-03 6.000641744153871748e-01
5.209365735894624372e-01 2.408817635270541047e+00 5.812376758518277009e-04 3.877874672781900789e-01 3.157421767692374179e-03 6.084738732782656312e-01
8.783921398275378045e-03 2.422845691382765398e+00 5.517118838080242466e-04 3.795962233597291458e-01 2.991548050709500091e-03 6.168605167057533700e-01
8.117950756388650688e-13 2.436873747494990194e+00 5.243360682883319414e-04 3.716821701391346822e-01 2.839255078593729345e-03 6.249542387139832567e-01
0.000000000000000000e+00 2.450901803607214546e+00 4.979604180719159360e-04 3.635848425106152360e-01 2.690714010357640826e-03 6.332264830609553030e-01
4.434825259913908850e-04 2.464929859719438898e+00 4.735000870380470339e-04 3.555010826405043400e-01 2.551175654982269086e-03 6.414742416174753492e-01
1.197708599037344078e-12 2.478957915831663250e+00 4.501867221081437770e-04 3.476389628112983021e-01 2.420374089545161526e-03 6.494904763770483758e-01
0.000000000000000000e+00 2.492985971943887602e+00 4.280889679253733408e-04 3.402134739281348907e-01 2.294968623281560573e-03 6.570634684806582193e-01
7.118649577239259760e-04 2.507014028056112398e+00 4.068322517929766975e-04 3.323295758160413338e-01 2.174682584085946540e-03 6.650889093480798486e-01
2.007440258816927137e-07 2.521042084168336750e+00 3.867957066268663401e-04 3.246126268282532590e-01 2.061152064870753857e-03 6.729394254002492026e-01
4.796163466392177847e-14 2.535070140280561102e+00 3.684182998764603829e-04 3.173377876372076023e-01 1.954796615395146264e-03 6.803389974475207991e-01
7.742769180639394976e-04 2.549098196392785454e+00 3.503422120292283906e-04 3.096244234147499386e-01 1.852825624398693125e-03 6.881724087488221286e-01
3.269651221787380637e-11 2.563126252505010250e+00 3.336554529609987089e-04 3.026394597280268051e-01 1.756649286292528197e-03 6.952702355327197159e-01
0.000000000000000000e+00 2.577154308617234602e+00 3.175262110195296449e-04 2.952399350010515011e-01 1.664317503496411240e-03 7.027782212844325693e-01
0.000000000000000000e+00 2.591182364729458953e+00 3.024408946989266106e-04 2.881799124389417543e-01 1.578642931210592687e-03 7.099390037351488436e-01
0.000000000000000000e+00 2.605210420841683305e+00 2.880517561631768301e-04 2.812579975173967184e-01 1.495676006170682274e-03 7.169582747202694062e-01
8.937073702983981448e-10 2.619238476953907657e+00 2.745052409277284259e-04 2.743837919289140448e-01 1.419022009052093095e-03 7.239226808211061126e-01
3.957940969406296060e-08 2.633266533066132453e+00 2.619443706975077492e-04 2.676258139176073692e-01 1.345367899900284155e-03 7.307668738117948370e-01
0.000000000000000000e+00 2.647294589178356805e+00 2.494994859298224534e-04 2.607272582079263046e-01 1.274409771713615322e-03 7.377488325344303544e-01
0.000000000000000000e+00 2.661322645290581157e+00 2.378772818464120668e-04 2.541860035691847486e-01 1.208302003644688575e-03 7.443678171453241843e-01
1.776356839401828186e-14 2.675350701402805509e+00 2.270799913158047653e-04 2.478971191451031231e-01 1.146435134984153097e-03 7.507293657285969424e-01
1.543432050024983914e-11 2.689378757515030305e+00 2.165981699920277535e-04 2.412615625689868981e-01 1.086982165461164961e-03 7.574348570955599103e-01
0.000000000000000000e+00 2.703406813627254657e+00 2.068573178666293548e-04 2.352578513025511131e-01 1.030703434984289041e-03 7.635045879445979677e-01
1.174715060944977718e-09 2.717434869739479009e+00 1.975252946303806569e-04 2.289413326320898778e-01 9.771352844167131239e-04 7.698840067888630401e-01
