# X mode_0 mode_1 mode_2 mode_3
-1.500000000000000000e+01 1.538172706109211252e-01 2.031617707062999267e-01 1.358021156951975950e-01 5.072188429875813531e-01
-1.493987975951903735e+01 1.522319070157210075e-01 2.032734447816248180e-01 1.336758403805660134e-01 5.108188078220881057e-01
-1.487975951903807648e+01 1.505892306296568728e-01 2.033566496121448630e-01 1.315178972163787430e-01 5.145362225418194102e-01
-1.481963927855711383e+01 1.489203075232606310e-01 2.034526866928784428e-01 1.293820929842042500e-01 5.182449127996566762e-01
-1.475951903807615295e+01 1.472650983633375932e-01 2.035968735996083467e-01 1.271574200942801047e-01 5.219806079427740109e-01
-1.469939879759519030e+01 1.455758703668782461e-01 2.037115621047982661e-01 1.249988643396808125e-01 5.257137031886426337e-01
-1.463927855711422765e+01 1.438854137089355945e-01 2.038431951912292039e-01 1.227596235340240732e-01 5.295117675658111978e-01
-1.457915831663326678e+01 1.421285899929475294e-01 2.039736783817920340e-01 1.205166393722007512e-01 5.333810922530597409e-01
-1.451903807615230413e+01 1.403843560555526893e-01 2.041395730290908594e-01 1.182709502136354007e-01 5.372051207017209951e-01
-1.445891783567134325e+01 1.385912021829307506e-01 2.042966574402196311e-01 1.160278186006446915e-01 5.410843217762049129e-01
-1.439879759519038060e+01 1.368372578005892792e-01 2.044767210138400682e-01 1.137594739381086462e-01 5.449265472474620342e-01
-1.433867735470941795e+01 1.350318763308518966e-01 2.046868989325153210e-01 1.114466053269881352e-01 5.488346194096446196e-01
-1.427855711422845708e+01 1.332033804703311730e-01 2.048610406512483828e-01 1.091827284803341541e-01 5.527528503980861929e-01
-1.421843687374749443e+01 1.313260930349732236e-01 2.050948988972133291e-01 1.068828664563331587e-01 5.566961416114802885e-01
-1.415831663326653356e+01 1.294630800568380702e-01 2.053152669223432258e-01 1.045675094490883944e-01 5.606541435717303790e-01
-1.409819639278557091e+01 1.276006756876620629e-01 2.055498977714252384e-01 1.022965926753960086e-01 5.645528338655166900e-01
-1.403807615230461003e+01 1.256642508249125323e-01 2.058003407163777887e-01 9.997212613848602270e-02 5.685632823202236841e-01
-1.397795591182364738e+01 1.237320279839094483e-01 2.061012704628762682e-01 9.768321793428479116e-02 5.724834836189295340e-01
-1.391783567134268473e+01 1.217997750195250195e-01 2.063491626172263560e-01 9.535575313659315488e-02 5.764953092266554835e-01
-1.385771543086172386e+01 1.198397386839486906e-01 2.066982252480115689e-01 9.307462938435751010e-02 5.803874066836821610e-01
-1.379759519038076121e+01 1.178524410309438331e-01 2.069718161811847090e-01 9.076783351011043222e-02 5.844079092777609841e-01
-1.373747494989980034e+01 1.158364502701310361e-01 2.073069060195284474e-01 8.851060237285578169e-02 5.883460413374846931e-01
-1.367735470941883769e+01 1.138262940043167082e-01 2.076754498023820894e-01 8.621328433697005023e-02 5.922849718563311106e-01
-1.361723446893787504e+01 1.117904201041994838e-01 2.080521147310739893e-01 8.393536513408222932e-02 5.962221000306442420e-01
-1.355711422845691416e+01 1.097307683247081139e-01 2.083865691229186967e-01 8.169657075470287966e-02 6.001860917976703513e-01
-1.349699398797595151e+01 1.076996516757356276e-01 2.088109513091287450e-01 7.947948979914028211e-02 6.040099072159953453e-01
-1.343687374749499064e+01 1.056005342145240056e-01 2.092140021712043940e-01 7.722685781340071776e-02 6.079586058008709104e-01
-1.337675350701402799e+01 1.035240272945753270e-01 2.096894427830703622e-01 7.501653252045992204e-02 6.117699974018944165e-01
-1.331663326653306711e+01 1.014337032710993236e-01 2.101434951888289659e-01 7.283675716422643998e-02 6.155860443758452982e-01
-1.325651302605210446e+01 9.933808511945689534e-02 2.106114145904398050e-01 7.066450758469794424e-02 6.193859927054052861e-01
-1.319639278557114181e+01 9.723099074048002777e-02 2.111013873305523092e-01 6.851642081071060431e-02 6.231512011182570587e-01
-1.313627254509018094e+01 9.515483861153563316e-02 2.116472757047044295e-01 6.639493817567691802e-02 6.268029475080829638e-01
-1.307615230460921829e+01 9.301119608688289409e-02 2.121556384175631027e-01 6.428360319681768187e-02 6.305495622987364879e-01
-1.301603206412825742e+01 9.090235051573240799e-02 2.127358060611774515e-01 6.221844233785072537e-02 6.341434010852393666e-01
-1.295591182364729477e+01 8.878383004684259339e-02 2.132862011371371991e-01 6.017390048140669467e-02 6.377560683346135129e-01
-1.289579158316633212e+01 8.667156442592570398e-02 2.138879639230079621e-01 5.815809673283348080e-02 6.412823749182327004e-01
-1.283567134268537124e+01 8.455443234243269213e-02 2.144853411305206459e-01 5.616050254578210110e-02 6.447997239812645054e-01
-1.277555110220440859e+01 8.246583852734572229e-02 2.151539202916662452e-01 5.421015052219924774e-02 6.481700906587888333e-01
-1.271543086172344772e+01 8.037502145943463405e-02 2.158033796071349431e-01 5.230286075201184132e-02 6.515187381814185885e-01
-1.265531062124248507e+01 7.829098122781225078e-02 2.164761760413604907e-01 5.042153080505867163e-02 6.548113119257686909e-01
-1.259519038076152242e+01 7.619737914582615235e-02 2.171960497009523539e-01 4.856839367317548201e-02 6.580381774800461159e-01
-1.253507014028056155e+01 7.414536993539090626e-02 2.179323720625858940e-01 4.675305593080779365e-02 6.611692020712153228e-01
-1.247494989979959890e+01 7.207890269090920510e-02 2.186242745978574653e-01 4.497892708655538974e-02 6.643178956246779121e-01
-1.241482965931863802e+01 7.006513948731719899e-02 2.193790392430487457e-01 4.323693910919021444e-02 6.673188821604438825e-01
-1.235470941883767537e+01 6.803029683126207705e-02 2.201431600138807898e-01 4.153884595855027173e-02 6.702876971963067643e-01
-1.229458917835671272e+01 6.603315133320239450e-02 2.209707946963350711e-01 3.988067719313793252e-02 6.731153767773246921e-01
-1.223446893787575185e+01 6.407071807580350109e-02 2.217963629943122406e-01 3.826507091413320488e-02 6.758678480157509494e-01
-1.217434869739478920e+01 6.211063354824245680e-02 2.226369246618545295e-01 3.667987760461816765e-02 6.785725641852847767e-01
-1.211422845691382832e+01 6.017600460387666911e-02 2.235290244690182615e-01 3.514616722281736771e-02 6.811488037042876531e-01
-1.205410821643286567e+01 5.828771398286099886e-02 2.244275428392229210e-01 3.365293647521112874e-02 6.836318067027048473e-01
-1.199398797595190302e+01 5.640175052605014838e-02 2.253175179864756739e-01 3.219049723041756544e-02 6.860902342570566192e-01
-1.193386773547094215e+01 5.455954423352403493e-02 2.262438930181849273e-01 3.078482342528151075e-02 6.884117393230094750e-01
-1.187374749498997950e+01 5.273671281957349050e-02 2.272373905527410309e-01 2.941031934630746261e-02 6.906155772813781235e-01
-1.181362725450901863e+01 5.094573981393193257e-02 2.281751473405518316e-01 2.807941678833714497e-02 6.927996960571791707e-01
-1.175350701402805598e+01 4.919731117945844862e-02 2.291960628173955461e-01 2.679734719023027859e-02 6.948092788129157649e-01
-1.169338677354709333e+01 4.747961702504203962e-02 2.302534516102540951e-01 2.554710263274758558e-02 6.967198287319563699e-01
-1.163326653306613245e+01 4.578979740633024043e-02 2.312946151344194567e-01 2.434797615090690884e-02 6.985676113083433281e-01
-1.157314629258517158e+01 4.413619527004795234e-02 2.323790151029447859e-01 2.318775291854819134e-02 7.002970367084589975e-01
-1.151302605210420893e+01 4.252137530198592946e-02 2.334741404327302927e-01 2.206408586539833350e-02 7.019403983998855345e-01
-1.145290581162324628e+01 4.093331748292500932e-02 2.345778698093785308e-01 2.098962905363957465e-02 7.034991836540568366e-01
-1.139278557114228363e+01 3.939938493332008351e-02 2.357180415753387936e-01 1.994519079130368036e-02 7.049373827000374737e-01
-1.133266533066132276e+01 3.788914425015035836e-02 2.368700666241156660e-01 1.894115741770449612e-02 7.062996317080294517e-01
-1.127254509018036188e+01 3.642001879937325354e-02 2.380546199794228712e-01 1.798035181818873063e-02 7.075450094030152348e-01
-1.121242484969939923e+01 3.499429184277298710e-02 2.393072824435970580e-01 1.705683565546359942e-02 7.086415900581664040e-01
-1.115230460921843658e+01 3.359738234506681048e-02 2.405051469491956695e-01 1.617042511693611920e-02 7.097270455888013974e-01
-1.109218436873747571e+01 3.224344257153077820e-02 2.417832248835068143e-01 1.532128263730364419e-02 7.106520499076587338e-01
-1.103206412825651306e+01 3.092751780809615755e-02 2.430856956289935422e-01 1.450631160523783991e-02 7.114804749576724152e-01
-1.097194388777555218e+01 2.965175508807755406e-02 2.443501838474826660e-01 1.372107656911202012e-02 7.122769844953277252e-01
-1.091182364729458953e+01 2.841913231088911973e-02 2.456875735398522664e-01 1.297784176629150805e-02 7.129154523829672740e-01
-1.085170340681362688e+01 2.721895532004777601e-02 2.470675319705126771e-01 1.226939144786425018e-02 7.134441212615753036e-01
-1.079158316633266423e+01 2.605625333522801693e-02 2.484832711268330219e-01 1.159042019389446530e-02 7.138700553440444629e-01
-1.073146292585170336e+01 2.494165042542515962e-02 2.498380656275024647e-01 1.094574700718345221e-02 7.142745369398889599e-01
-1.067134268537074249e+01 2.384932078976952433e-02 2.512120101010997253e-01 1.032435851215238350e-02 7.146143105969784415e-01
-1.061122244488977984e+01 2.280345929569210089e-02 2.527349763314232223e-01 9.740738276168912912e-03 7.147208260967157223e-01
-1.055110220440881719e+01 2.179228498991006222e-02 2.541986655626333746e-01 9.181797540059821738e-03 7.148272519073967102e-01
-1.049098196392785631e+01 2.081554249144295862e-02 2.557085111765915464e-01 8.650676557477336368e-03 7.148252697744881257e-01
-1.043086172344689366e+01 1.988027932189296090e-02 2.572407126780418829e-01 8.146924829968760218e-03 7.147320831700962884e-01
-1.037074148296593279e+01 1.897075204212270855e-02 2.587378719746030176e-01 7.669176569469666506e-03 7.146221994138046707e-01
-1.031062124248497014e+01 1.810397132823143504e-02 2.603022782711462146e-01 7.216062978309441787e-03 7.143776874223128903e-01
-1.025050100200400749e+01 1.726404585299933306e-02 2.618708284353140625e-01 6.784874568646790012e-03 7.140802511430397459e-01
-1.019038076152304662e+01 1.645856972644761662e-02 2.634257908093600720e-01 6.379291819416179482e-03 7.137363476447761146e-01
-1.013026052104208397e+01 1.568956058715023638e-02 2.650389501339761034e-01 5.995577104381609457e-03 7.132759121744920439e-01
-1.007014028056112309e+01 1.494605749314006048e-02 2.666841716475613078e-01 5.631746221838638579e-03 7.127380246374599437e-01
-1.001002004008016044e+01 1.423392104576382509e-02 2.683703134835906390e-01 5.288941032712694661e-03 7.121068244379328283e-01
-9.949899799599197792e+00 1.355164432201346435e-02 2.699786199347360971e-01 4.963902714179473444e-03 7.115058330290709998e-01
-9.889779559118236918e+00 1.289854844826567905e-02 2.716337344879136140e-01 4.658374358782167886e-03 7.108093427050385937e-01
-9.829659318637276044e+00 1.227816551780873573e-02 2.733761137481119374e-01 4.371287650508196530e-03 7.099744330835711104e-01
-9.769539078156313394e+00 1.168076135965219996e-02 2.751197677544105491e-01 4.099026463146682869e-03 7.091004444227905212e-01
-9.709418837675350744e+00 1.110564609822130809e-02 2.767983806362954158e-01 3.842428760273068622e-03 7.082535445052100531e-01
-9.649298597194388094e+00 1.056183469769859246e-02 2.785141541381305208e-01 3.602236717233832201e-03 7.073217744469371127e-01
-9.589178356713427220e+00 1.003891185702635719e-02 2.802457666515599244e-01 3.375831994668238543e-03 7.063394894967454096e-01
-9.529058116232466347e+00 9.542415001156758989e-03 2.820435053740935061e-01 3.163710788494556239e-03 7.052503688362552481e-01
-9.468937875751503697e+00 9.066940869722598523e-03 2.837829910566998515e-01 2.963847102295513129e-03 7.041862209712821397e-01
-9.408817635270541047e+00 8.612140215090820922e-03 2.855464621211493692e-01 2.775923013705490321e-03 7.030654746500543117e-01
-9.348697394789578397e+00 8.181691321698589259e-03 2.873389140514229223e-01 2.600527818715130026e-03 7.018788668081633597e-01
-9.288577154308617523e+00 7.771453289774026170e-03 2.891430770450115761e-01 2.435120070809426284e-03 7.006503495944049753e-01
-9.228456913827656649e+00 7.380252292200214018e-03 2.909139691099160707e-01 2.281066693682676401e-03 6.994247119042010796e-01
-9.168336673346693999e+00 7.007492314217158950e-03 2.927440700091017423e-01 2.135523527709829242e-03 6.981129141489712531e-01
-9.108216432865731349e+00 6.651967569120252610e-03 2.944657524839633944e-01 2.000054262515523883e-03 6.968822256844008356e-01
-9.048096192384768699e+00 6.314232376383302481e-03 2.962502426718477966e-01 1.873056250072280922e-03 6.955624687016965790e-01
-8.987975951903807825e+00 5.994246039787832700e-03 2.980011206036088933e-01 1.754060052162859963e-03 6.942505733044403993e-01
-8.927855711422846952e+00 5.690409307722980349e-03 2.998469462183460665e-01 1.643229997226806948e-03 6.928194144767042539e-01
-8.867735470941884302e+00 5.399223584080159108e-03 3.015908156953555630e-01 1.538700165153706082e-03 6.914712605554105274e-01
-8.807615230460921651e+00 5.125363118325649593e-03 3.033277649762853856e-01 1.441932953408418339e-03 6.901049389519805510e-01
-8.747494989979959001e+00 4.863665979375961929e-03 3.051367813335848500e-01 1.351209346549463522e-03 6.886483433404896326e-01
-8.687374749498998128e+00 4.616287138401892545e-03 3.068157245697287760e-01 1.266203053728027703e-03 6.873017852381412274e-01
-8.627254509018037254e+00 4.381249054461366227e-03 3.084748748290559450e-01 1.186905963132643769e-03 6.859569701533499986e-01
-8.567134268537074604e+00 4.158370581665626897e-03 3.102410951976405928e-01 1.112795404553096942e-03 6.844877388161405563e-01
-8.507014028056111954e+00 3.946126516976732578e-03 3.119085449105091223e-01 1.043952181882907941e-03 6.831013763906311764e-01
-8.446893787575149304e+00 3.746865364525499460e-03 3.136292995737307576e-01 9.795104466721069134e-04 6.816443246150716284e-01
-8.386773547094188430e+00 3.556375130907812442e-03 3.152643699298631197e-01 9.196090062995347300e-04 6.802596459329295353e-01
-8.326653306613227556e+00 3.376870799783807456e-03 3.168750015296833977e-01 8.633074419165565234e-04 6.788848202286161815e-01
-8.266533066132264906e+00 3.206416570343081918e-03 3.185077962291785192e-01 8.112731257929696243e-04 6.774745140746853966e-01
-8.206412825651302256e+00 3.044837991461702125e-03 3.200980590932798742e-01 7.623128879372694086e-04 6.760947900273212019e-01
-8.146292585170341383e+00 2.892301212601138850e-03 3.215958820000749951e-01 7.168548633142512007e-04 6.747949619240095620e-01
-8.086172344689378733e+00 2.747826273408244917e-03 3.231617130812733385e-01 6.746681767477206385e-04 6.734157924685707508e-01
-8.026052104208417859e+00 2.610540285051301309e-03 3.246158747144358148e-01 6.350782154200956819e-04 6.721385067850929040e-01
-7.965931863727455209e+00 2.481209266348057604e-03 3.260566732264393863e-01 5.983327154286374782e-04 6.708637847917838792e-01
-7.905811623246493447e+00 2.358282142534944524e-03 3.274431944864934496e-01 5.640310405404941330e-04 6.696344923304311525e-01
-7.845691382765531685e+00 2.242219026393859910e-03 3.288849020234669296e-01 5.320746479283077965e-04 6.683408043022108780e-01
-7.785571142284569035e+00 2.132392016845805881e-03 3.302417907185919432e-01 5.024244378028132211e-04 6.671233928267594759e-01
-7.725450901803607273e+00 2.028365828047484602e-03 3.315037069113730972e-01 4.745816093312821694e-04 6.659933456512481253e-01
-7.665330661322645511e+00 1.929809352772234379e-03 3.327838602653687139e-01 4.487170880381297989e-04 6.648376132938209615e-01
-7.605210420841683749e+00 1.836971755594237095e-03 3.339951643575139184e-01 4.246864245358271937e-04 6.637431774623558933e-01
-7.545090180360721988e+00 1.748845246574890887e-03 3.351596196864300992e-01 4.022870561964845106e-04 6.626892480107985373e-01
-7.484969939879760226e+00 1.666151643717707440e-03 3.363514871850045163e-01 3.814332760096464316e-04 6.616009278952682537e-01
-7.424849699398797576e+00 1.587344292332624335e-03 3.373603904744600923e-01 3.620464440966710950e-04 6.606902187891107170e-01
-7.364729458917835814e+00 1.512879781253783631e-03 3.384461637547229729e-01 3.438705415602486036e-04 6.596970859224629002e-01
-7.304609218436874052e+00 1.442202401488078094e-03 3.394156372211017403e-01 3.270975574953272893e-04 6.588150628199147540e-01
-7.244488977955912290e+00 1.375749022991055353e-03 3.404242608034880324e-01 3.113088499961924583e-04 6.578886813235247377e-01
-7.184368737474950528e+00 1.312979623569164979e-03 3.413106050464635999e-01 2.968232141238824032e-04 6.570795921158433250e-01
-7.124248496993987878e+00 1.253287789501372112e-03 3.420681521289984373e-01 2.832069212329116630e-04 6.563953531602672031e-01
-7.064128256513026116e+00 1.197068510557748339e-03 3.429261153377259896e-01 2.706164392829130496e-04 6.556061997124332796e-01
-7.004008016032064354e+00 1.143981177283368619e-03 3.436072418733562284e-01 2.588672238837827965e-04 6.549899097254765490e-01
-6.943887775551102592e+00 1.093898743227013836e-03 3.442994670610032837e-01 2.480247686890160405e-04 6.543586094270806841e-01
-6.883767535070139942e+00 1.046100628317752756e-03 3.448371946277060118e-01 2.378657585476314461e-04 6.538788389854286454e-01
-6.823647294589179069e+00 1.001241724573997309e-03 3.453922301486158641e-01 2.284095766490402870e-04 6.533781185501610356e-01
-6.763527054108216419e+00 9.583850877272198773e-04 3.459548038476822351e-01 2.196667072799192097e-04 6.528671443573107469e-01
-6.703406813627255545e+00 9.181885260153555255e-04 3.464327842644173150e-01 2.116058391538952065e-04 6.524374213704133840e-01
-6.643286573146292895e+00 8.801630149626131754e-04 3.468802113654940178e-01 2.041204227201842594e-04 6.520355051968232951e-01
-6.583166332665330245e+00 8.442267819785684909e-04 3.471582650645988477e-01 1.971805493451617597e-04 6.518003276040773564e-01
-6.523046092184369371e+00 8.101384557668743968e-04 3.474781979782461394e-01 1.908395422068218333e-04 6.515208240237800874e-01
-6.462925851703406721e+00 7.777537540094559519e-04 3.476801727235266926e-01 1.849162765530673960e-04 6.513571572459107006e-01
-6.402805611222445847e+00 7.474440897418857923e-04 3.478574850689613029e-01 1.795047450616454171e-04 6.512155660962350989e-01
-6.342685370741483197e+00 7.183812482186647305e-04 3.478800625361427867e-01 1.745165248963246414e-04 6.512270396907422487e-01
-6.282565130260520547e+00 6.911610051804420451e-04 3.480497464345578273e-01 1.699917922483403963e-04 6.510891007680134068e-01
-6.222444889779559674e+00 6.654471142848797371e-04 3.480093355487056117e-01 1.658544612762692444e-04 6.511593628757332830e-01
-6.162324649298597024e+00 6.410131480584855667e-04 3.479798355441632296e-01 1.621715893249765035e-04 6.512169797184533815e-01
-6.102204408817636150e+00 6.179058143427458788e-04 3.479475999252246710e-01 1.587247120272472826e-04 6.512757695484053810e-01
-6.042084168336673500e+00 5.958578693601161063e-04 3.477714049533137119e-01 1.557015698501457547e-04 6.514770356074760516e-01
-5.981963927855712626e+00 5.751060574388028790e-04 3.475905664976597920e-01 1.529757289761286387e-04 6.516813517159252278e-01
-5.921843687374749976e+00 5.556432013271090428e-04 3.473221492194417115e-01 1.506147176228111691e-04 6.519715928616083289e-01
-5.861723446893787326e+00 5.370629875796139414e-04 3.470043207500326243e-01 1.485954957898578271e-04 6.523100207665978312e-01
-5.801603206412826452e+00 5.195136734209295729e-04 3.467781148675915248e-01 1.468999032288211947e-04 6.525554715557586594e-01
-5.741482965931863802e+00 5.029303790396313445e-04 3.463648408821410896e-01 1.454174877163435554e-04 6.529868112511029166e-01
-5.681362725450902929e+00 4.872701557017153980e-04 3.459418817765109178e-01 1.443132688494174723e-04 6.534265347989379746e-01
-5.621242484969940278e+00 4.723698324947470648e-04 3.454822246159501287e-01 1.435465870618567120e-04 6.539018589644933765e-01
-5.561122244488977628e+00 4.582505319287087067e-04 3.449739915488883590e-01 1.429882866305522539e-04 6.544247696325523611e-01
-5.501002004008016755e+00 4.449771815796692612e-04 3.444592463606674926e-01 1.427825805228917369e-04 6.549529938772298276e-01
-5.440881763527054105e+00 4.325372715968141398e-04 3.438921856608966321e-01 1.428328492854508212e-04 6.555324442182210998e-01
-5.380761523046093231e+00 4.205624776832613031e-04 3.433050466568305925e-01 1.431919633146095099e-04 6.561311989021715307e-01
-5.320641282565130581e+00 4.094188939413653111e-04 3.426263478004952234e-01 1.439216085787317677e-04 6.568203116969846267e-01
-5.260521042084167931e+00 3.987541029238222132e-04 3.419913658607032780e-01 1.448511096006037521e-04 6.574650289267723879e-01
-5.200400801603207057e+00 3.888130178005834415e-04 3.412906328138081702e-01 1.461893157930396325e-04 6.581743648525982815e-01
-5.140280561122244407e+00 3.792127228329487975e-04 3.406097208215044803e-01 1.478257239391036256e-04 6.588632407317234208e-01
-5.080160320641283533e+00 3.703747520889592274e-04 3.398590102084285136e-01 1.497928122227660055e-04 6.596208222272598176e-01
-5.020040080160320883e+00 3.619981026349359090e-04 3.391210728902946392e-01 1.521805932218731777e-04 6.603647484138485124e-01
-4.959919839679358233e+00 3.540482174084977080e-04 3.383468490835615516e-01 1.549484163008045599e-04 6.611441542827291018e-01
-4.899799599198397360e+00 3.465971431615097486e-04 3.375813341093778508e-01 1.580489289774127516e-04 6.619140198184831902e-01
-4.839679358717434710e+00 3.395520950971192705e-04 3.367474490970604473e-01 1.616111666086366176e-04 6.627513876412337579e-01
-4.779559118236473836e+00 3.330407296851301316e-04 3.359744838943702905e-01 1.656458736393977402e-04 6.635268295023050156e-01
-4.719438877755511186e+00 3.268631003705989215e-04 3.352057923548697471e-01 1.701417354626999197e-04 6.642972028092969383e-01
-4.659318637274550312e+00 3.210582198253831990e-04 3.344147667644422062e-01 1.751360182871358284e-04 6.650890389974452033e-01
-4.599198396793587662e+00 3.156728095817038361e-04 3.335497029811279046e-01 1.807061697107728202e-04 6.659539180395795954e-01
-4.539078156312625012e+00 3.106218291724010616e-04 3.327980652776814097e-01 1.868675267814037203e-04 6.667044453663648618e-01
-4.478957915831664138e+00 3.059578068027411367e-04 3.319633665080826690e-01 1.936782641384050211e-04 6.675369974209761637e-01
-4.418837675350701488e+00 3.015500195581485420e-04 3.311853824140472136e-01 2.011925830916448405e-04 6.683118749833030225e-01
-4.358717434869740615e+00 2.975254204671249660e-04 3.304251911283620502e-01 2.094751632300203843e-04 6.690678082879407684e-01
-4.298597194388777964e+00 2.937458795330758605e-04 3.296567458558103958e-01 2.185960834118561903e-04 6.698309121812446865e-01
-4.238476953907815314e+00 2.903106165584818450e-04 3.289149966301028183e-01 2.285874543400421904e-04 6.705661052989986270e-01
-4.178356713426854441e+00 2.871355122536446073e-04 3.281081102748873990e-01 2.396216051498877215e-04 6.713651326077090253e-01
-4.118236472945891791e+00 2.842945502970844703e-04 3.275550613362481767e-01 2.517381794270879820e-04 6.719089059340277448e-01
-4.058116232464930917e+00 2.817651579795656374e-04 3.268505830798848488e-01 2.650444187538837063e-04 6.726026073433817309e-01
-3.997995991983968267e+00 2.792998435306630681e-04 3.261616254996475561e-01 2.795658250934167778e-04 6.732795088317283794e-01
-3.937875751503005617e+00 2.772269311763115055e-04 3.255171143900949526e-01 2.956682311614485599e-04 6.739099904475672753e-01
-3.877755511022044743e+00 2.753668587061053872e-04 3.249679238665778014e-01 3.131945831737847994e-04 6.744435146915422896e-01
-3.817635270541082093e+00 2.738154519840378773e-04 3.244189926420533165e-01 3.327038736109566900e-04 6.749744880323517160e-01
-3.757515030060121219e+00 2.725169913690421875e-04 3.239180368719584702e-01 3.540926293523481466e-04 6.754553535073199999e-01
-3.697394789579158569e+00 2.713414473798157322e-04 3.234554392370714848e-01 3.775608018410658048e-04 6.758956585137075868e-01
-3.637274549098197696e+00 2.703462068838894446e-04 3.229671737991849367e-01 4.033975318148874840e-04 6.763590824621161790e-01
-3.577154308617235046e+00 2.696883987708792972e-04 3.226348944786996409e-01 4.319838631330156229e-04 6.766634332593964851e-01
-3.517034068136272396e+00 2.693475227170009987e-04 3.222880297534433391e-01 4.636973873143618459e-04 6.769789253365253723e-01
-3.456913827655311522e+00 2.690273589650199514e-04 3.220706108037439952e-01 4.983840232488091727e-04 6.771619778140423040e-01
-3.396793587174348872e+00 2.691186687997199176e-04 3.218490132498511569e-01 5.368964062062508502e-04 6.773449716751429595e-01
-3.336673346693387998e+00 2.693114369278901870e-04 3.216479124185894767e-01 5.795583143750744582e-04 6.775032178301075847e-01
-3.276553106212425348e+00 2.697091435374147851e-04 3.215678176938047694e-01 6.267698917342795191e-04 6.775357032709234950e-01
-3.216432865731462698e+00 2.703009689139530955e-04 3.215130932860693069e-01 6.788475921831112507e-04 6.775377581528336801e-01
-3.156312625250501824e+00 2.711852886445047413e-04 3.215576596343165394e-01 7.368599288942304960e-04 6.774342951481447939e-01
-3.096192384769539174e+00 2.721741241824882128e-04 3.215434846565491944e-01 8.010775997028580933e-04 6.773832636195655788e-01
-3.036072144288578301e+00 2.733662585812071579e-04 3.216899861956889484e-01 8.722842166197482608e-04 6.771643633291101194e-01
-2.975951903807615651e+00 2.749306886793988257e-04 3.219742818532775885e-01 9.515823089312152152e-04 6.767992051491118488e-01
-2.915831663326653000e+00 2.765534335782890147e-04 3.222175370298354102e-01 1.039906454064238846e-03 6.764660030825219161e-01
-2.855711422845692127e+00 2.784422380552943914e-04 3.225405180185678677e-01 1.138050437194209914e-03 6.760429893061825624e-01
-2.795591182364729477e+00 2.804063347593306870e-04 3.229655459609345192e-01 1.247509907988893219e-03 6.755065377963171969e-01
-2.735470941883768603e+00 2.827354648420713520e-04 3.234634804186156676e-01 1.369335211578616342e-03 6.748844489049635742e-01
-2.675350701402805953e+00 2.852114630602252594e-04 3.240302209253571042e-01 1.505475989476369372e-03 6.741790916221063190e-01
-2.615230460921843303e+00 2.878097090847406129e-04 3.246244905518850810e-01 1.656903184604590663e-03 6.734307965544256147e-01
-2.555110220440882429e+00 2.907890024542512226e-04 3.253229715554202262e-01 1.826184518507680812e-03 6.725600549236178116e-01
-2.494989979959919779e+00 2.938435081792078194e-04 3.261481724606795640e-01 2.015332073086684595e-03 6.715426519580545150e-01
-2.434869739478958905e+00 2.971251062770790684e-04 3.269770268551385750e-01 2.226416275621159735e-03 6.704994317629632272e-01
-2.374749498997996255e+00 3.005680560168277047e-04 3.278909380040395671e-01 2.463030271370612347e-03 6.693454636685730597e-01
-2.314629258517035382e+00 3.042801216386939434e-04 3.288989509366756492e-01 2.727304101114910988e-03 6.680694648405708369e-01
-2.254509018036072732e+00 3.081449972320742035e-04 3.299550024579180341e-01 3.022519794096003350e-03 6.667143327507539796e-01
-2.194388777555110082e+00 3.122753553120839959e-04 3.310631102442782026e-01 3.353263417981929440e-03 6.652713509824278448e-01
-2.134268537074149208e+00 3.164795558836967023e-04 3.322737323877285043e-01 3.722880698476583889e-03 6.636869073579111378e-01
-2.074148296593186558e+00 3.209933554103698572e-04 3.336065670747898615e-01 4.136324976716163927e-03 6.619361145930835466e-01
-2.014028056112225684e+00 3.257224270586879696e-04 3.350542397312658571e-01 4.599694221536700101e-03 6.600203436201386165e-01
-1.953907815631263034e+00 3.306018291953733085e-04 3.364108367641455155e-01 5.118562817982723334e-03 6.581399985886763337e-01
-1.893787575150300384e+00 3.356357648018051462e-04 3.378095798629541235e-01 5.697369813990744471e-03 6.561574145582533824e-01
-1.833667334669339510e+00 3.409627838789721960e-04 3.393543009228210394e-01 6.346438031103908764e-03 6.539582982621960916e-01
-1.773547094188376860e+00 3.463942785083394689e-04 3.409505019392773395e-01 7.070839070417441613e-03 6.516322647117969158e-01
-1.713426853707415987e+00 3.519880936738749365e-04 3.425830966391503196e-01 7.880347147992825679e-03 6.491845681191830142e-01
-1.653306613226453337e+00 3.576410497663653045e-04 3.443176517512158696e-01 8.781793766029605611e-03 6.465429134329880867e-01
-1.593186372745490686e+00 3.636889063610367653e-04 3.459993885493299337e-01 9.792810168909857338e-03 6.438441123753991802e-01
-1.533066132264529813e+00 3.697422492809788325e-04 3.477559680362369843e-01 1.091801897385764018e-02 6.409562707406243343e-01
-1.472945891783567163e+00 3.760368434363886049e-04 3.495003479139369151e-01 1.217045775872564392e-02 6.379531574839011343e-01
-1.412825651302606289e+00 3.823772098329314005e-04 3.513788531602769494e-01 1.356624479740835450e-02 6.346725248324818214e-01
-1.352705410821643639e+00 3.889482505055800554e-04 3.531937026161396376e-01 1.512089003185886245e-02 6.312964591014958993e-01
-1.292585170340682765e+00 3.955700190432910688e-04 3.550446559836298310e-01 1.684242056275091215e-02 6.277173534345759087e-01
-1.232464929859720115e+00 4.022752472155817797e-04 3.568654272740864331e-01 1.875645910848652495e-02 6.239758383702114219e-01
-1.172344689378757465e+00 4.091448622419038643e-04 3.587132231913371938e-01 2.087857991388726228e-02 6.199990520325335819e-01
-1.112224448897796591e+00 4.158820111545142835e-04 3.605018358420367663e-01 2.321698356224178791e-02 6.158652985845669559e-01
-1.052104208416833941e+00 4.230158742510591345e-04 3.622221404666550182e-01 2.580891507815022065e-02 6.115459285809436984e-01
-9.919839679358730677e-01 4.297906367976864032e-04 3.639399346778028344e-01 2.866043524014609545e-02 6.069698394452532897e-01
-9.318637274549104177e-01 4.367504426702706831e-04 3.655231248882265804e-01 3.179061758296707063e-02 6.022495070861360045e-01
-8.717434869739477676e-01 4.436489311590023263e-04 3.670705920054821991e-01 3.524237023629331333e-02 5.972433888270656244e-01
-8.116232464929868939e-01 4.503978312047933127e-04 3.685652892529981961e-01 3.901134668971015240e-02 5.919729662260868608e-01
-7.515030060120242439e-01 4.572301130970676656e-04 3.699183266306977913e-01 4.312208467536981366e-02 5.865023585808353257e-01
-6.913827655310633702e-01 4.637537029987474479e-04 3.710304551141862528e-01 4.761758578895822214e-02 5.808882053938567713e-01
-6.312625250501007201e-01 4.701903370302199718e-04 3.721509431561173531e-01 5.250304236862705920e-02 5.748758241382253553e-01
-5.711422845691380701e-01 4.766192163129785004e-04 3.730661740738505094e-01 5.779744650299947772e-02 5.686597602068369506e-01
-5.110220440881771964e-01 4.825972636248540711e-04 3.738971111173867157e-01 6.351302411118851798e-02 5.621072675077999348e-01
-4.509018036072145463e-01 4.884171114869903171e-04 3.744153888224017734e-01 6.968011365870380169e-02 5.554160804074074198e-01
-3.907815631262536726e-01 4.939072463760062117e-04 3.747840719689448097e-01 7.626284313890892286e-02 5.484591776457702350e-01
-3.306613226452910226e-01 4.993136971940970864e-04 3.748852192427889474e-01 8.335654810520405633e-02 5.412589189548128177e-01
-2.705410821643283725e-01 5.042864551481718131e-04 3.748606324465284523e-01 9.091309181487448876e-02 5.337219892834489388e-01
-2.104208416833674988e-01 5.085870477884840138e-04 3.745373153383428910e-01 9.892329485076573059e-02 5.260308027631028782e-01
-1.503006012024048488e-01 5.128149717753204776e-04 3.740253298853021824e-01 1.074078473302384623e-01 5.180540078126840697e-01
-9.018036072144397508e-02 5.166012869043279821e-04 3.730940216019613676e-01 1.163832107796184956e-01 5.100061663315158533e-01
-3.006012024048132503e-02 5.197807697375823356e-04 3.720956511989383375e-01 1.257595864370666117e-01 5.016249815942575019e-01
3.006012024047954867e-02 5.225573910540711690e-04 3.707738321886427935e-01 1.355723790992615085e-01 4.931312313210415299e-01
9.018036072144219872e-02 5.247604939028557717e-04 3.692543499147538655e-01 1.457878004967411989e-01 4.844330890946020318e-01
1.503006012024048488e-01 5.267409582476369895e-04 3.674342092106128166e-01 1.564028908643894655e-01 4.756361589667501000e-01
2.104208416833657225e-01 5.282971117885491754e-04 3.653686915686029102e-01 1.673459721042362958e-01 4.667570392153722048e-01
2.705410821643283725e-01 5.290518462292389179e-04 3.630776321449905031e-01 1.785575001526220063e-01 4.578358158561582902e-01
3.306613226452892462e-01 5.295898725989274828e-04 3.606117334462832225e-01 1.900245497444528475e-01 4.488341269366650232e-01
3.907815631262518963e-01 5.296252935826207099e-04 3.579203156683837816e-01 2.017222825078032467e-01 4.398277765302303077e-01
4.509018036072145463e-01 5.291547625815653817e-04 3.550791424328250678e-01 2.136253466180226823e-01 4.307663561865707202e-01
5.110220440881754200e-01 5.282560094308240200e-04 3.520029640744839483e-01 2.255615253270076004e-01 4.219072545890775738e-01
5.711422845691380701e-01 5.271443571157781449e-04 3.488173786110410624e-01 2.374946057462338500e-01 4.131608712856092436e-01
6.312625250500989438e-01 5.255183025608813974e-04 3.455584085585759468e-01 2.494883913599851288e-01 4.044276817788780565e-01
6.913827655310615938e-01 5.237868153300114481e-04 3.422025263566801923e-01 2.613703294196358384e-01 3.959033574083539175e-01
7.515030060120242439e-01 5.214896551261863529e-04 3.388132294826463609e-01 2.731437078106485061e-01 3.875215730515790269e-01
8.116232464929851176e-01 5.191153914265215184e-04 3.353276290979227414e-01 2.846903391509452708e-01 3.794629163597055266e-01
8.717434869739477676e-01 5.166809502476383273e-04 3.318602447964327795e-01 2.959890160574940587e-01 3.716340581958255118e-01
9.318637274549086413e-01 5.139881116721561677e-04 3.284334650058392535e-01 3.070367633850396571e-01 3.640157834974489526e-01
9.919839679358712914e-01 5.112583920701544490e-04 3.250487207923501987e-01 3.177014357843800374e-01 3.567385850311995954e-01
1.052104208416832165e+00 5.085021701080099038e-04 3.217132061920008335e-01 3.279665893878094263e-01 3.498117022500816797e-01
1.112224448897794815e+00 5.056229487409875240e-04 3.184965268518283876e-01 3.378142991891215918e-01 3.431835510103091180e-01
1.172344689378757465e+00 5.028527168203228556e-04 3.154000958725103887e-01 3.471872203149867220e-01 3.369098310956824549e-01
1.232464929859720115e+00 5.003320851262629517e-04 3.123690937085066843e-01 3.560396400618177082e-01 3.310909341445493759e-01
1.292585170340679213e+00 4.975423840761549008e-04 3.095817376871410898e-01 3.642940057636484541e-01 3.256267141651343344e-01
1.352705410821641863e+00 4.951578590431333698e-04 3.068980526203933246e-01 3.720415075517363168e-01 3.205652819688271649e-01
1.412825651302604513e+00 4.929314914528747614e-04 3.044025408405884314e-01 3.792259972760765874e-01 3.158785303918820730e-01
1.472945891783567163e+00 4.908097905102365172e-04 3.021681855674166473e-01 3.857457705989809638e-01 3.115952340430920842e-01
1.533066132264529813e+00 4.891027567082453743e-04 3.001750461705451900e-01 3.915271271198197955e-01 3.078087239529269103e-01
1.593186372745488910e+00 4.873754318357664339e-04 2.982877167607791424e-01 3.967843413599334013e-01 3.044405664474515438e-01
1.653306613226451560e+00 4.862256077717547588e-04 2.967151474656685717e-01 4.012876890419656006e-01 3.015109378845939880e-01
1.713426853707414210e+00 4.851983937779369600e-04 2.954213841528442464e-01 4.051297976606012541e-01 2.989636197927765249e-01
1.773547094188376860e+00 4.845287429057332077e-04 2.943139031708253417e-01 4.083177312573382789e-01 2.968838368289305474e-01
1.833667334669339510e+00 4.842345579470949918e-04 2.935535242039686299e-01 4.107102199482110527e-01 2.952520212898731011e-01
1.893787575150298608e+00 4.843352820569214560e-04 2.929715463710732548e-01 4.125119907627059490e-01 2.940321275841638049e-01
1.953907815631261258e+00 4.846114289511089255e-04 2.926907627803713718e-01 4.135312161553118537e-01 2.932934096353655984e-01
2.014028056112223908e+00 4.854868868070652066e-04 2.926255018922319651e-01 4.138972310385988229e-01 2.929917801823621604e-01
2.074148296593186558e+00 4.866718941409485543e-04 2.927986025526587155e-01 4.135601880267449348e-01 2.931545375264554831e-01
2.134268537074149208e+00 4.880713907242970702e-04 2.933285521307306687e-01 4.124575315806431886e-01 2.937258448979018222e-01
2.194388777555108305e+00 4.898710992742398834e-04 2.940900884931657577e-01 4.106927240016981506e-01 2.947273164058618611e-01
2.254509018036070955e+00 4.922804700039056913e-04 2.950788082006841617e-01 4.081886736647616365e-01 2.962402376645503210e-01
2.314629258517033605e+00 4.949238055920077931e-04 2.963035007370086737e-01 4.050244317901115498e-01 2.981771436672877584e-01
2.374749498997996255e+00 4.978731259814495784e-04 2.978118741955779192e-01 4.011218726949464797e-01 3.005683799834941716e-01
2.434869739478958905e+00 5.011873668934925270e-04 2.995264235853081214e-01 3.966564225435529889e-01 3.033159665042454156e-01
2.494989979959918003e+00 5.050254598010086660e-04 3.015060887823353131e-01 3.913908956297535435e-01 3.065979901281100095e-01
2.555110220440880653e+00 5.090449233018882330e-04 3.035945047568180399e-01 3.856581536917410569e-01 3.102382966281390653e-01
2.615230460921843303e+00 5.134194825136231171e-04 3.059183637404393474e-01 3.791615236804095623e-01 3.144066930966375462e-01
2.675350701402805953e+00 5.180802551933654356e-04 3.085148693857531210e-01 3.720649540975171643e-01 3.189020962615362609e-01
2.735470941883768603e+00 5.230304055059306579e-04 3.112080693209315907e-01 3.644367339039962239e-01 3.238321663695662433e-01
2.795591182364727700e+00 5.282198479410706764e-04 3.140678438674861517e-01 3.562113029520107554e-01 3.291926333325619902e-01
2.855711422845690350e+00 5.335842484439834096e-04 3.169581929644422202e-01 3.475192440943207228e-01 3.349889786927931490e-01
2.915831663326653000e+00 5.391306755131564489e-04 3.200258842422303296e-01 3.382849177818255670e-01 3.411500673004309592e-01
2.975951903807615651e+00 5.448438427426023070e-04 3.232276002862013997e-01 3.285453196959257083e-01 3.476822361751303880e-01
3.036072144288574748e+00 5.508321245851305293e-04 3.263746114298603507e-01 3.184404344308806034e-01 3.546341220146739248e-01
3.096192384769537398e+00 5.568359587552068352e-04 3.295866730748739371e-01 3.079457300343430570e-01 3.619107609320277308e-01
3.156312625250500048e+00 5.628081401036923561e-04 3.328324277816006038e-01 2.971090049213763185e-01 3.694957591569194566e-01
3.216432865731462698e+00 5.686840452422401489e-04 3.360365822012705284e-01 2.859933904429037277e-01 3.774013433105833926e-01
3.276553106212425348e+00 5.746183805956116058e-04 3.391705502961999685e-01 2.746153663088226060e-01 3.856394650143819547e-01
3.336673346693384445e+00 5.806309397646393193e-04 3.422439912144567553e-01 2.631289420426047299e-01 3.940464358031739445e-01
3.396793587174347095e+00 5.864513311086787641e-04 3.451782699459121084e-01 2.514702321381512840e-01 4.027650465848279793e-01
3.456913827655309746e+00 5.919648155890775559e-04 3.479812652327405886e-01 2.397215367748176673e-01 4.117052331768525919e-01
3.517034068136272396e+00 5.974905776673983997e-04 3.506410180251361974e-01 2.279681707019679815e-01 4.207933206952285121e-01
3.577154308617235046e+00 6.027008699198794714e-04 3.530846321563199663e-01 2.162713064280287756e-01 4.300413605457312771e-01
3.637274549098194143e+00 6.075059695220024402e-04 3.553135606552523806e-01 2.046221921136227584e-01 4.394567412616028901e-01
3.697394789579156793e+00 6.122828575787658302e-04 3.573176837753351265e-01 1.931382713981721899e-01 4.489317619689139338e-01
3.757515030060119443e+00 6.164541825331928829e-04 3.590033738886176939e-01 1.818513108328583816e-01 4.585288610959907807e-01
3.817635270541082093e+00 6.206097174639933203e-04 3.604600136359233931e-01 1.708045078242728387e-01 4.681148688223398802e-01
3.877755511022044743e+00 6.239559024491947306e-04 3.616513211051737287e-01 1.600148717978324142e-01 4.777098511945445658e-01
3.937875751503003841e+00 6.274482022197041577e-04 3.625016096122475884e-01 1.495623356754511302e-01 4.873086065100816766e-01
3.997995991983966491e+00 6.301656724398170669e-04 3.631039714070586344e-01 1.394491774812443574e-01 4.968166854392569998e-01
