# X mode_0 mode_1 mode_2 mode_3
-1.500000000000000000e+01 2.642780540089833541e-01 2.499065824493489074e-01 2.362044373202510095e-01 2.496109262214167845e-01
-1.493987975951903735e+01 2.656393951777289986e-01 2.473075858720527598e-01 2.366929998689504266e-01 2.503600190812679260e-01
-1.487975951903807648e+01 2.670386095822047667e-01 2.447568599784960552e-01 2.371147468312871931e-01 2.510897836080119849e-01
-1.481963927855711383e+01 2.683832543045914232e-01 2.422244113812409005e-01 2.375913425865206208e-01 2.518009917276470278e-01
-1.475951903807615295e+01 2.697539709117587892e-01 2.397506836281577958e-01 2.380378784518174251e-01 2.524574670082659344e-01
-1.469939879759519030e+01 2.711856792018715878e-01 2.373081408845160167e-01 2.384969396424665156e-01 2.530092402711457411e-01
-1.463927855711422765e+01 2.725883765157352534e-01 2.348918915748332281e-01 2.389909866145573936e-01 2.535287452948740694e-01
-1.457915831663326678e+01 2.740038823636902210e-01 2.325300748529479933e-01 2.394897479184102951e-01 2.539762948649515462e-01
-1.451903807615230413e+01 2.753463630871134105e-01 2.302716893068831594e-01 2.400154891375786137e-01 2.543664584684248164e-01
-1.445891783567134325e+01 2.767357598951560305e-01 2.280039981045643704e-01 2.405451489001560750e-01 2.547150931001235241e-01
-1.439879759519038060e+01 2.780820171247521122e-01 2.258277356829124505e-01 2.410878065970747386e-01 2.550024405952606710e-01
-1.433867735470941795e+01 2.793687241215293549e-01 2.237187321914510529e-01 2.417467721014786575e-01 2.551657715855408237e-01
-1.427855711422845708e+01 2.806582496691954476e-01 2.216603573571383212e-01 2.423875016433246765e-01 2.552938913303415824e-01
-1.421843687374749443e+01 2.818400557779405791e-01 2.197118682964319947e-01 2.430415237484473412e-01 2.554065521771800573e-01
-1.415831663326653356e+01 2.829822307235597134e-01 2.177692012475856420e-01 2.438052251919916313e-01 2.554433428368630965e-01
-1.409819639278557091e+01 2.840410682457251146e-01 2.159889565919988763e-01 2.445427378068834867e-01 2.554272373553925224e-01
-1.403807615230461003e+01 2.850719245712869943e-01 2.142110002619048159e-01 2.454042831943720471e-01 2.553127919724361150e-01
-1.397795591182364738e+01 2.859465195600731091e-01 2.125271377632484970e-01 2.463309631813090650e-01 2.551953794953693566e-01
-1.391783567134268473e+01 2.867653002454476074e-01 2.109101044794038649e-01 2.472751057781996664e-01 2.550494894969490001e-01
-1.385771543086172386e+01 2.874659276641747252e-01 2.093644994570589557e-01 2.483837766155179705e-01 2.547857962632484319e-01
-1.379759519038076121e+01 2.880346962549747425e-01 2.079460902828788871e-01 2.494497587659725291e-01 2.545694546961738691e-01
-1.373747494989980034e+01 2.885009643615192854e-01 2.065426074592984773e-01 2.506313481521516007e-01 2.543250800270306922e-01
-1.367735470941883769e+01 2.888224919297404103e-01 2.052574952686836429e-01 2.519104664349404166e-01 2.540095463666354747e-01
-1.361723446893787504e+01 2.889998472056508616e-01 2.040653487463247595e-01 2.532443998613985725e-01 2.536904041866257509e-01
-1.355711422845691416e+01 2.890757667782060114e-01 2.029360960593429852e-01 2.546237160187823090e-01 2.533644211436687499e-01
-1.349699398797595151e+01 2.889495676961716386e-01 2.018167619242441924e-01 2.561436413838755199e-01 2.530900289957087046e-01
-1.343687374749499064e+01 2.887735424954707697e-01 2.008036310718953055e-01 2.576748197606250623e-01 2.527480066720088625e-01
-1.337675350701402799e+01 2.883660042288865299e-01 1.998448676356111564e-01 2.594392823647559965e-01 2.523498457707463172e-01
-1.331663326653306711e+01 2.878156076965172616e-01 1.990012905773091700e-01 2.610754382628205361e-01 2.521076634633530045e-01
-1.325651302605210446e+01 2.871071443790894073e-01 1.982127972037987240e-01 2.628805453081056731e-01 2.517995131090062233e-01
-1.319639278557114181e+01 2.862885528250788680e-01 1.974570499337935936e-01 2.647709248813454597e-01 2.514834723597820232e-01
-1.313627254509018094e+01 2.853074170125354247e-01 1.967550693614654456e-01 2.667544968352984491e-01 2.511830167907005418e-01
-1.307615230460921829e+01 2.841920395450162062e-01 1.961159059185557940e-01 2.686990347704193427e-01 2.509930197660086848e-01
-1.301603206412825742e+01 2.829501120483156607e-01 1.955223713314930001e-01 2.707860306173976994e-01 2.507414860027936676e-01
-1.295591182364729477e+01 2.815550437109113346e-01 1.949530023995630079e-01 2.729138779038280394e-01 2.505780759856974238e-01
-1.289579158316633212e+01 2.800920798865411121e-01 1.944328810260855522e-01 2.750645192423449847e-01 2.504105198450283232e-01
-1.283567134268537124e+01 2.784411383892962943e-01 1.939791237582456085e-01 2.773138944873261291e-01 2.502658433651320236e-01
-1.277555110220440859e+01 2.767659660245044284e-01 1.935310471019717482e-01 2.795511186386515079e-01 2.501518682348723988e-01
-1.271543086172344772e+01 2.749884792405487555e-01 1.931349892492584264e-01 2.818324387852215729e-01 2.500440927249712453e-01
-1.265531062124248507e+01 2.731240767773848166e-01 1.927863210075408396e-01 2.840640865543016536e-01 2.500255156607728013e-01
-1.259519038076152242e+01 2.712324325173895989e-01 1.924177155316980636e-01 2.863673000908655286e-01 2.499825518600467256e-01
-1.253507014028056155e+01 2.692335779874662216e-01 1.921042660536856905e-01 2.886271651303057295e-01 2.500349908285424139e-01
-1.247494989979959890e+01 2.672359719252584420e-01 1.917737576719834303e-01 2.909067616334172768e-01 2.500835087693409342e-01
-1.241482965931863802e+01 2.652657762644852202e-01 1.914595501312808534e-01 2.931663225877273460e-01 2.501083510165065249e-01
-1.235470941883767537e+01 2.632601455522893263e-01 1.911700392439709129e-01 2.953560344827178552e-01 2.502137807210219611e-01
-1.229458917835671272e+01 2.612481618010099038e-01 1.908492700620239013e-01 2.975940361368228926e-01 2.503085320001433023e-01
-1.223446893787575185e+01 2.593118831684084191e-01 1.905135240162638133e-01 2.997494627959578217e-01 2.504251300193700014e-01
-1.217434869739478920e+01 2.574331372745842228e-01 1.902295520252559602e-01 3.018017470073706132e-01 2.505355636927892315e-01
-1.211422845691382832e+01 2.556639070160662830e-01 1.898581909625604858e-01 3.038602240035662150e-01 2.506176780178070995e-01
-1.205410821643286567e+01 2.538945796591082771e-01 1.895794024989190807e-01 3.057924358496565409e-01 2.507335819923161013e-01
-1.199398797595190302e+01 2.522646848021193877e-01 1.891550652176559877e-01 3.076929583572253213e-01 2.508872916229992756e-01
-1.193386773547094215e+01 2.508116995050863607e-01 1.887924520372210313e-01 3.094470808173870879e-01 2.509487676403054923e-01
-1.187374749498997950e+01 2.493830578205614434e-01 1.883639395045253462e-01 3.111709670507523118e-01 2.510820356241610374e-01
-1.181362725450901863e+01 2.481909791995312586e-01 1.879164083877402636e-01 3.127320030532801942e-01 2.511606093594482836e-01
-1.175350701402805598e+01 2.471069002925530833e-01 1.874485187615458903e-01 3.141924347780308269e-01 2.512521461678702273e-01
-1.169338677354709333e+01 2.462774965128561311e-01 1.869065369814630895e-01 3.156026428885753687e-01 2.512133236171053552e-01
-1.163326653306613245e+01 2.455975180786616752e-01 1.863665077694553196e-01 3.168258174073433353e-01 2.512101567445397254e-01
-1.157314629258517158e+01 2.450792942670010355e-01 1.857547116979898494e-01 3.179882634538079844e-01 2.511777305812011307e-01
-1.151302605210420893e+01 2.448415355686207051e-01 1.851097621192858700e-01 3.190186356526801270e-01 2.510300666594132979e-01
-1.145290581162324628e+01 2.448444207747831058e-01 1.843992336887988193e-01 3.198979305170368548e-01 2.508584150193812201e-01
-1.139278557114228363e+01 2.450109002557013527e-01 1.836391255690869861e-01 3.206875320250465178e-01 2.506624421501650324e-01
-1.133266533066132276e+01 2.455220514165740164e-01 1.828172909325209428e-01 3.213086209495601420e-01 2.503520367013449821e-01
-1.127254509018036188e+01 2.462988292393515355e-01 1.819379495753968567e-01 3.218325791942250325e-01 2.499306419910265198e-01
-1.121242484969939923e+01 2.473153096829453224e-01 1.810398649576178687e-01 3.222236330288295036e-01 2.494211923306073608e-01
-1.115230460921843658e+01 2.486370729462310247e-01 1.800081642388630110e-01 3.225289243071792211e-01 2.488258385077267154e-01
-1.109218436873747571e+01 2.502637515504426702e-01 1.789169686913091029e-01 3.226726257504390349e-01 2.481466540078091920e-01
-1.103206412825651306e+01 2.522352088361337064e-01 1.777272237437685642e-01 3.226698903373586558e-01 2.473676770827391569e-01
-1.097194388777555218e+01 2.545240769267772540e-01 1.765198932304243851e-01 3.225694079804997672e-01 2.463866218622987048e-01
-1.091182364729458953e+01 2.570553068171105293e-01 1.751516829576403034e-01 3.224515934476560042e-01 2.453414167775931354e-01
-1.085170340681362688e+01 2.599942660239712988e-01 1.737202487781759064e-01 3.221771660040732010e-01 2.441083191937795660e-01
-1.079158316633266423e+01 2.632234184889015727e-01 1.722160277070629575e-01 3.217516419424396035e-01 2.428089118615959219e-01
-1.073146292585170336e+01 2.668334340346903977e-01 1.706014601096321748e-01 3.212523906276767427e-01 2.413127152280006293e-01
-1.067134268537074249e+01 2.708652749558307371e-01 1.688545847452126991e-01 3.206224344574259422e-01 2.396577058415307049e-01
-1.061122244488977984e+01 2.751621030427368053e-01 1.670477220401815066e-01 3.199674142891562600e-01 2.378227606279253448e-01
-1.055110220440881719e+01 2.798467751595172248e-01 1.650763410620797456e-01 3.192042439771548001e-01 2.358726398012483405e-01
-1.049098196392785631e+01 2.849423999172165933e-01 1.630161329822249761e-01 3.183486945288686587e-01 2.336927725716897997e-01
-1.043086172344689366e+01 2.903952243078846696e-01 1.608146132575908049e-01 3.174673996373517659e-01 2.313227627971727041e-01
-1.037074148296593279e+01 2.961835339912302634e-01 1.584856650544765877e-01 3.164972467224502761e-01 2.288335542318428173e-01
-1.031062124248497014e+01 3.023152571460126503e-01 1.560934421666323457e-01 3.154385383765608286e-01 2.261527623107942586e-01
-1.025050100200400749e+01 3.088922706011088537e-01 1.535206532069128826e-01 3.144366044855901321e-01 2.231504717063881871e-01
-1.019038076152304662e+01 3.158547269911146094e-01 1.508386352377842909e-01 3.132366677933676180e-01 2.200699699777334262e-01
-1.013026052104208397e+01 3.230678703188604728e-01 1.480374443521495220e-01 3.120922066629411851e-01 2.168024786660487924e-01
-1.007014028056112309e+01 3.306543478689967230e-01 1.451160068086868593e-01 3.109226686838625908e-01 2.133069766384538268e-01
-1.001002004008016044e+01 3.386509048956369838e-01 1.420417760413851815e-01 3.096827791988345235e-01 2.096245398641433111e-01
-9.949899799599197792e+00 3.469433365369398725e-01 1.388597712297950648e-01 3.084843709965539027e-01 2.057125212367112155e-01
-9.889779559118236918e+00 3.555129090048959606e-01 1.355824801782218869e-01 3.071976090786552316e-01 2.017070017382268099e-01
-9.829659318637276044e+00 3.643719607716159881e-01 1.321885385775596888e-01 3.059532163109955349e-01 1.974862843398287604e-01
-9.769539078156313394e+00 3.735064599924448614e-01 1.286636270179199737e-01 3.047237682330611319e-01 1.931061447565739497e-01
-9.709418837675350744e+00 3.828567812629407041e-01 1.250686592911194328e-01 3.034979072922057708e-01 1.885766521537342033e-01
-9.649298597194388094e+00 3.924648353744479845e-01 1.213941340079265491e-01 3.022712591737301002e-01 1.838697714438953246e-01
-9.589178356713427220e+00 4.022552570235458091e-01 1.176281484623552670e-01 3.011093392839500060e-01 1.790072552301491260e-01
-9.529058116232466347e+00 4.122019553356490729e-01 1.137714720730017420e-01 2.999911854499484609e-01 1.740353871414007658e-01
-9.468937875751503697e+00 4.223121338255913515e-01 1.098782490074067947e-01 2.988851090009410627e-01 1.689245081660608605e-01
-9.408817635270541047e+00 4.324936719022016707e-01 1.059449374416431694e-01 2.978188507705809562e-01 1.637425398855742453e-01
-9.348697394789578397e+00 4.426970316293534768e-01 1.019697302492190150e-01 2.968690773177660724e-01 1.584641608036612970e-01
-9.288577154308617523e+00 4.528720494259423357e-01 9.798198204684974155e-02 2.960178114664128168e-01 1.531281570607950782e-01
-9.228456913827656649e+00 4.630803666546340347e-01 9.397059820832312504e-02 2.952180992094027290e-01 1.477309359276400280e-01
-9.168336673346693999e+00 4.732737280641209909e-01 8.996825859284719729e-02 2.945087752550990534e-01 1.422492380879327722e-01
-9.108216432865731349e+00 4.833164489532471020e-01 8.601101178435587025e-02 2.938850138346398855e-01 1.367875254277571007e-01
-9.048096192384768699e+00 4.932385838634478215e-01 8.204945683797695843e-02 2.934125632715203769e-01 1.312993960270547877e-01
-8.987975951903807825e+00 5.029834812784899079e-01 7.812797368344000237e-02 2.930479238310339518e-01 1.258406212070361241e-01
-8.927855711422846952e+00 5.126298022965990464e-01 7.428007380608192545e-02 2.927340556331334276e-01 1.203560682641854757e-01
-8.867735470941884302e+00 5.218992399641734226e-01 7.047088476268130453e-02 2.926843852836770177e-01 1.149454899894682414e-01
-8.807615230460921651e+00 5.309920407767239059e-01 6.676046261051543640e-02 2.926794830384529811e-01 1.095680135743076489e-01
-8.747494989979959001e+00 5.396631307308930037e-01 6.313751837913991749e-02 2.929202013910733315e-01 1.042791494988938722e-01
-8.687374749498998128e+00 5.481494778289500713e-01 5.958797256934848102e-02 2.931857590118064349e-01 9.907679058989497800e-02
-8.627254509018037254e+00 5.562182803425411715e-01 5.614427788265974328e-02 2.936845894852007088e-01 9.395285228959839030e-02
-8.567134268537074604e+00 5.638308309913281358e-01 5.282823577315816366e-02 2.943891127914048389e-01 8.895182044410884781e-02
-8.507014028056111954e+00 5.711882398702085029e-01 4.960439293889823409e-02 2.951639927194703028e-01 8.404337447142293249e-02
-8.446893787575149304e+00 5.780407630192609947e-01 4.651519711635680732e-02 2.961784295257195443e-01 7.926561033866280637e-02
-8.386773547094188430e+00 5.844632886320190179e-01 4.353532118197177975e-02 2.973770881573755687e-01 7.462430202863375162e-02
-8.326653306613227556e+00 5.905964691238504427e-01 4.067725317052232198e-02 2.986099575954697105e-01 7.011632011015750399e-02
-8.266533066132264906e+00 5.961091112080739718e-01 3.795763652192868376e-02 3.001453913973561316e-01 6.578786087264121285e-02
-8.206412825651302256e+00 6.012401099462874043e-01 3.535450266751053588e-02 3.018011239541721902e-01 6.160426343202987653e-02
-8.146292585170341383e+00 6.059920322004287430e-01 3.288257090968556978e-02 3.035572954868921980e-01 5.756810140299355172e-02
-8.086172344689378733e+00 6.101823413158239395e-01 3.054112418341204879e-02 3.055684346708531507e-01 5.370809982991095466e-02
-8.026052104208417859e+00 6.140977839442942621e-01 2.831793460072801888e-02 3.075956241601864871e-01 4.998865729479118336e-02
-7.965931863727455209e+00 6.173985762965623625e-01 2.623256595964985199e-02 3.099033589006036649e-01 4.646549884318407209e-02
-7.905811623246493447e+00 6.204756221158884699e-01 2.424821454359691111e-02 3.121878329760852666e-01 4.308833036442946685e-02
-7.845691382765531685e+00 6.230460349397070052e-01 2.239015148608496444e-02 3.146780101598111168e-01 3.988580341439700028e-02
-7.785571142284569035e+00 6.252948165779779188e-01 2.064884289712441007e-02 3.172037197623826521e-01 3.685262076251501207e-02
-7.725450901803607273e+00 6.270868813645635864e-01 1.901179416622281876e-02 3.199167167116834243e-01 3.398460775753017749e-02
-7.665330661322645511e+00 6.286436604534605399e-01 1.748910873515400685e-02 3.225861850917908225e-01 3.128104571959472446e-02
-7.605210420841683749e+00 6.297883155631587293e-01 1.606258182849661098e-02 3.254085118777686469e-01 2.874059073057603012e-02
-7.545090180360721988e+00 6.306294581427448476e-01 1.473996409842689634e-02 3.282712387573600843e-01 2.635933900146816486e-02
-7.484969939879760226e+00 6.313319969807441590e-01 1.350830227071970341e-02 3.310397442326197814e-01 2.411995651591620701e-02
-7.424849699398797576e+00 6.317400184804877750e-01 1.236565745364281814e-02 3.338625343382825017e-01 2.203178972758702836e-02
-7.364729458917835814e+00 6.319627171919252051e-01 1.130637559532182874e-02 3.366361433455703489e-01 2.009476386718256347e-02
-7.304609218436874052e+00 6.319832998429760762e-01 1.033185186515650500e-02 3.393939464421734664e-01 1.829090184969402177e-02
-7.244488977955912290e+00 6.318266623121695513e-01 9.430147533303069943e-03 3.421250577384381542e-01 1.661813241608916039e-02
-7.184368737474950528e+00 6.316306465885892507e-01 8.604087699417834259e-03 3.446905673627829736e-01 1.507469834920995705e-02
-7.124248496993987878e+00 6.312944499010216814e-01 7.841981392078421417e-03 3.472160909897034631e-01 1.364747771719643406e-02
-7.064128256513026116e+00 6.308932751538199879e-01 7.144097602761590934e-03 3.496227324342083276e-01 1.233989480921003461e-02
-7.004008016032064354e+00 6.304634492378394794e-01 6.502000225427654809e-03 3.518966535093146497e-01 1.113789702741833400e-02
-6.943887775551102592e+00 6.301600687509218979e-01 5.916489277429069771e-03 3.538856363296172258e-01 1.003780564203176837e-02
-6.883767535070139942e+00 6.297335162367007078e-01 5.381236974347342571e-03 3.558502221652350972e-01 9.035024623716686812e-03
-6.823647294589179069e+00 6.294915328366407214e-01 4.893116506760509729e-03 3.574981243281909471e-01 8.117226328407984789e-03
-6.763527054108216419e+00 6.292396510756835815e-01 4.449186539319103205e-03 3.590238441672086722e-01 7.287318217788650056e-03
-6.703406813627255545e+00 6.291680414724756254e-01 4.043690547040661859e-03 3.602564021754953161e-01 6.531865804988337687e-03
-6.643286573146292895e+00 6.291112509366006966e-01 3.677864230444345336e-03 3.613620235017390159e-01 5.848861331215970787e-03
-6.583166332665330245e+00 6.292019846549533613e-01 3.344692469435259132e-03 3.622209387742750808e-01 5.232384101336195158e-03
-6.523046092184369371e+00 6.295598423157361401e-01 3.041671855517958691e-03 3.627220646228396239e-01 4.676421205906245229e-03
-6.462925851703406721e+00 6.299778715723388656e-01 2.769422352264691491e-03 3.630768305110745331e-01 4.175875564321929363e-03
-6.402805611222445847e+00 6.306402219554350097e-01 2.521587550784255491e-03 3.631126968083071560e-01 3.725493685473467344e-03
-6.342685370741483197e+00 6.314269298508502493e-01 2.298533669565740265e-03 3.629515090251060339e-01 3.323027454477954935e-03
-6.282565130260520547e+00 6.324409403600641522e-01 2.096962635673106125e-03 3.625003162494356279e-01 2.961780754827126379e-03
-6.222444889779559674e+00 6.335964673259865121e-01 1.915285374184085921e-03 3.618493432793227771e-01 2.638904020506614278e-03
-6.162324649298597024e+00 6.350007965338240190e-01 1.750991095291912951e-03 3.608975927923429028e-01 2.350619578541143784e-03
-6.102204408817636150e+00 6.364583361170209619e-01 1.603543035279048805e-03 3.598443038294956708e-01 2.093817018204352943e-03
-6.042084168336673500e+00 6.381556265094073810e-01 1.470480653401757751e-03 3.585086266671743127e-01 1.865266170016562650e-03
-5.981963927855712626e+00 6.399548929510070483e-01 1.351335063683432175e-03 3.570315116512102205e-01 1.662260334099340681e-03
-5.921843687374749976e+00 6.419557424186507211e-01 1.243720789083335374e-03 3.553193295262654372e-01 1.481207266000538012e-03
-5.861723446893787326e+00 6.441105492102386920e-01 1.147110702778361777e-03 3.534210686907202636e-01 1.321271396262691010e-03
-5.801603206412826452e+00 6.462852851100857610e-01 1.060686571330931921e-03 3.514756342416160972e-01 1.178394076967221151e-03
-5.741482965931863802e+00 6.486610410224729062e-01 9.834446716493591614e-04 3.493028684095124126e-01 1.052645896365342467e-03
-5.681362725450902929e+00 6.510196761033421042e-01 9.138844579974342557e-04 3.471256752895631181e-01 9.407641490972593534e-04
-5.621242484969940278e+00 6.534358977277461289e-01 8.517475276160003982e-04 3.448701933716341594e-01 8.421613730036763565e-04
-5.561122244488977628e+00 6.559049699617683915e-01 7.965416753934531895e-04 3.425436336213675825e-01 7.548547414706945286e-04
-5.501002004008016755e+00 6.583143912176825374e-01 7.471600199103197804e-04 3.402605190315209915e-01 6.779297308859728042e-04
-5.440881763527054105e+00 6.607566229071146768e-01 7.034770261024062476e-04 3.379302916865455364e-01 6.096083802372750243e-04
-5.380761523046093231e+00 6.631189174683236320e-01 6.646408765466331079e-04 3.356669967488785655e-01 5.494449062511720400e-04
-5.320641282565130581e+00 6.654211826521154727e-01 6.303768461971240734e-04 3.334523917513484981e-01 4.960487503389281617e-04
-5.260521042084167931e+00 6.675544055524753606e-01 6.004343940780550778e-04 3.313958361594756541e-01 4.493238939709477860e-04
-5.200400801603207057e+00 6.696904592276312629e-01 5.741845940972393298e-04 3.293275191218114073e-01 4.078370564600212610e-04
-5.140280561122244407e+00 6.716116775681693074e-01 5.518435265281737036e-04 3.274649952192157931e-01 3.714836860868017719e-04
-5.080160320641283533e+00 6.733502142082907760e-01 5.326810745475448047e-04 3.257777831517191247e-01 3.393215654425677267e-04
-5.020040080160320883e+00 6.748901690050714830e-01 5.167192906160831840e-04 3.242821291172611753e-01 3.109825870513020589e-04
-4.959919839679358233e+00 6.761814498277910479e-01 5.038400582106500325e-04 3.230286049066793397e-01 2.861052073190085174e-04
-4.899799599198397360e+00 6.771900619824132717e-01 4.936236738128378827e-04 3.220521227419691490e-01 2.641916018048307870e-04
-4.839679358717434710e+00 6.781003115429544703e-01 4.863859922848937241e-04 3.211682798749919687e-01 2.450225897686008855e-04
-4.779559118236473836e+00 6.786841372818063212e-01 4.818937104346829271e-04 3.206058083164490258e-01 2.281606913099655282e-04
-4.719438877755511186e+00 6.790011557285722255e-01 4.800049183573009792e-04 3.203053684023569048e-01 2.134709507135130156e-04
-4.659318637274550312e+00 6.790056449929717797e-01 4.810457651755831458e-04 3.203126155145613607e-01 2.006937272913450661e-04
-4.599198396793587662e+00 6.787291313843344387e-01 4.849196872462333886e-04 3.205962537913519261e-01 1.896951370674436097e-04
-4.539078156312625012e+00 6.780955515409842205e-01 4.917163883393812747e-04 3.212325043185469409e-01 1.802277521296415076e-04
-4.478957915831664138e+00 6.771860873995586561e-01 5.015812416827260993e-04 3.221402181494328332e-01 1.721132093257572184e-04
-4.418837675350701488e+00 6.760701703889723246e-01 5.148644719163094925e-04 3.232495405630629870e-01 1.654245760484766403e-04
-4.358717434869740615e+00 6.745611460823152106e-01 5.314617584975725841e-04 3.247475022279708301e-01 1.598899312164908811e-04
-4.298597194388777964e+00 6.726908543571642474e-01 5.522923048734653577e-04 3.266013962058751385e-01 1.554571320871476559e-04
-4.238476953907815314e+00 6.706273483558867765e-01 5.774926056614456717e-04 3.286430093081806891e-01 1.521497302709026104e-04
-4.178356713426854441e+00 6.682950633466970825e-01 6.074420468876632695e-04 3.309475961060480698e-01 1.498985003671492514e-04
-4.118236472945891791e+00 6.657108243580222018e-01 6.430074474374223095e-04 3.334974853447897347e-01 1.486828497505932652e-04
-4.058116232464930917e+00 6.629001959103938413e-01 6.848488974308783624e-04 3.362664579562804068e-01 1.484972358949444317e-04
-3.997995991983968267e+00 6.598728412101624308e-01 7.337636756425948382e-04 3.392440758267380452e-01 1.493192874567809243e-04
-3.937875751503005617e+00 6.567094742309877997e-01 7.910115263404286995e-04 3.423482980677054477e-01 1.512161749663119977e-04
-3.877755511022044743e+00 6.534034893220868057e-01 8.575061508542865946e-04 3.455847385694346685e-01 1.542659576242015899e-04
-3.817635270541082093e+00 6.499089908014211714e-01 9.352077810524179113e-04 3.489972125185523133e-01 1.585888989741689029e-04
-3.757515030060121219e+00 6.464787710663266740e-01 1.026072388562124802e-03 3.523309256492712094e-01 1.642308958399645111e-04
-3.697394789579158569e+00 6.429865513777540675e-01 1.131005442836391936e-03 3.557111245873886829e-01 1.713185920208552739e-04
-3.637274549098197696e+00 6.396309334232553878e-01 1.254018073755072118e-03 3.589349347465611295e-01 1.801137564283276373e-04
-3.577154308617235046e+00 6.362486450549205141e-01 1.397735390659474598e-03 3.621627057296649688e-01 1.909138247550828797e-04
-3.517034068136272396e+00 6.332264825959592613e-01 1.565843004499760946e-03 3.650039073144859536e-01 2.037670850550091673e-04
-3.456913827655311522e+00 6.303019358178251208e-01 1.762251894639864196e-03 3.677165359986732107e-01 2.192762888619138731e-04
-3.396793587174348872e+00 6.277053942242480922e-01 1.992794627474749666e-03 3.700640176387515190e-01 2.377935095255552436e-04
-3.336673346693387998e+00 6.255305762955015725e-01 2.262867482389622608e-03 3.719468269303588537e-01 2.597292917498659039e-04
-3.276553106212425348e+00 6.237253559227069477e-01 2.580958013481178797e-03 3.734075584134152193e-01 2.861276503965903243e-04
-3.216432865731462698e+00 6.223468509498805146e-01 2.954437858134262729e-03 3.743813809039159834e-01 3.173302880691491546e-04
-3.156312625250501824e+00 6.216508575767791811e-01 3.394570845543602548e-03 3.745998040772710591e-01 3.547675004060198167e-04
-3.096192384769539174e+00 6.215804257619226281e-01 3.914680165240613102e-03 3.741053964163851275e-01 3.994976564514786388e-04
-3.036072144288578301e+00 6.220757127561563626e-01 4.526774836823133259e-03 3.729444652290045958e-01 4.530471780157534927e-04
-2.975951903807615651e+00 6.233706502548841399e-01 5.249463368462554957e-03 3.708623617542153306e-01 5.175246224379917740e-04
-2.915831663326653000e+00 6.254228644327796127e-01 6.101461006527177100e-03 3.678805040599105736e-01 5.951705007826086410e-04
-2.855711422845692127e+00 6.283184421730397817e-01 7.107666060412695143e-03 3.638850106040323884e-01 6.888811625150071142e-04
-2.795591182364729477e+00 6.319755093852033045e-01 8.292700618164334028e-03 3.589295206803682636e-01 8.022693162639681248e-04
-2.735470941883768603e+00 6.365774025525120505e-01 9.685941828190785044e-03 3.527966132876815264e-01 9.400423316158076047e-04
-2.675350701402805953e+00 6.419313981672079006e-01 1.132289700431399031e-02 3.456385933633874807e-01 1.107111465090765195e-03
-2.615230460921843303e+00 6.481332381392101993e-01 1.324179130811396418e-02 3.373141830196495494e-01 1.310787533026456847e-03
-2.555110220440882429e+00 6.550182419130609057e-01 1.548379122564678620e-02 3.279391306922647131e-01 1.558836169027766252e-03
-2.494989979959919779e+00 6.627195182355749559e-01 1.809177700796585353e-02 3.173272800995586840e-01 1.861424656900547174e-03
-2.434869739478958905e+00 6.710450746930444188e-01 2.111938846944547143e-02 3.056049523094280240e-01 2.230584528082178546e-03
-2.374749498997996255e+00 6.797556697226142530e-01 2.460915597736278507e-02 2.929538255872190522e-01 2.681348712803921855e-03
-2.314629258517035382e+00 6.888743982224867501e-01 2.860766875477090826e-02 2.792881999354401290e-01 3.229733087302239913e-03
-2.254509018036072732e+00 6.981549387542269614e-01 3.315826602005101514e-02 2.647890020962836988e-01 3.897793129438275727e-03
-2.194388777555110082e+00 7.074659054921497159e-01 3.831338939318702091e-02 2.495140229201858184e-01 4.706682194477432649e-03
-2.134268537074149208e+00 7.165104897171338250e-01 4.409129150439501654e-02 2.337127163020716325e-01 5.685502476399660436e-03
-2.074148296593186558e+00 7.251929566144900141e-01 5.048951394636135015e-02 2.174536293031736900e-01 6.863900135974700285e-03
-2.014028056112225684e+00 7.331097235520838140e-01 5.755848067160512088e-02 2.010509972754543628e-01 8.280798500856551350e-03
-1.953907815631263034e+00 7.402390124263420468e-01 6.523744267006219288e-02 1.845536519760724026e-01 9.969892927523362966e-03
-1.893787575150300384e+00 7.462648254710131379e-01 7.350579439763095524e-02 1.682564731265737967e-01 1.197290700478209971e-02
-1.833667334669339510e+00 7.509611979548871386e-01 8.231417998580127515e-02 1.523879574331397091e-01 1.433666462617189281e-02
-1.773547094188376860e+00 7.542422534245876165e-01 9.160077495869685393e-02 1.370451909726295159e-01 1.711178064408606231e-02
-1.713426853707415987e+00 7.559933310534781015e-01 1.012224028179307816e-01 1.224369392592215000e-01 2.034732686936974524e-02
-1.653306613226453337e+00 7.561349615582618755e-01 1.110748400355460463e-01 1.086956587977186695e-01 2.409453960847325257e-02
-1.593186372745490686e+00 7.546540933548229191e-01 1.210855623726217190e-01 9.587383562062934406e-02 2.838650865192595893e-02
-1.533066132264529813e+00 7.516155357623814925e-01 1.310358285789139099e-01 8.406512509203810379e-02 3.328351056666634111e-02
-1.472945891783567163e+00 7.469949418686553377e-01 1.408654521043807839e-01 7.331281554106562626e-02 3.882679048589842558e-02
-1.412825651302606289e+00 7.409854622073234198e-01 1.503330347156537905e-01 6.361903166086940731e-02 4.506247141615343094e-02
-1.352705410821643639e+00 7.335375264550890728e-01 1.594745001866171574e-01 5.497705122974561737e-02 5.201092212854812463e-02
-1.292585170340682765e+00 7.248571772965721749e-01 1.681271250638831927e-01 4.731912485071954055e-02 5.969657278882513352e-02
-1.232464929859720115e+00 7.151280390121707020e-01 1.760970467193450628e-01 4.061606751337967780e-02 6.815884675510441859e-02
-1.172344689378757465e+00 7.044378003820835898e-01 1.834248397386424034e-01 3.475494481940772512e-02 7.738241505986631630e-02
-1.112224448897796591e+00 6.929974263171831961e-01 1.899258335059400837e-01 2.968864909973874255e-02 8.738809107713799151e-02
-1.052104208416833941e+00 6.808491929340819704e-01 1.956987243626263917e-01 2.533713496855584738e-02 9.811494773473572462e-02
-9.919839679358730677e-01 6.681333807431610872e-01 2.006724348771451449e-01 2.161098330795945335e-02 1.095832010717343041e-01
-9.318637274549104177e-01 6.550480123112273345e-01 2.047891922589077651e-01 1.843916146550013055e-02 1.217236339643647802e-01
-8.717434869739477676e-01 6.416300744612623008e-01 2.081530762223966768e-01 1.574124324298236885e-02 1.344756060733587055e-01
-8.116232464929868939e-01 6.280131668546615753e-01 2.107778145962531657e-01 1.346326157792736289e-02 1.477457569711580210e-01
-7.515030060120242439e-01 6.141973486862066789e-01 2.127026763050954561e-01 1.153928872419786658e-02 1.615606862845001546e-01
-6.913827655310633702e-01 6.004775425520738619e-01 2.139161295007700470e-01 9.919089008052635673e-03 1.756872389391035960e-01
-6.312625250501007201e-01 5.867128605999061275e-01 2.145851154568415020e-01 8.555755501339032745e-03 1.901462684419132909e-01
-5.711422845691380701e-01 5.731273233301760195e-01 2.147253780169285364e-01 7.413498470946056594e-03 2.047338001819492825e-01
-5.110220440881771964e-01 5.595860678026802759e-01 2.145002120992576256e-01 6.454040072294100691e-03 2.194596800257681002e-01
-4.509018036072145463e-01 5.463476025847472384e-01 2.138335101198500787e-01 5.650594968062078519e-03 2.341682923273406824e-01
-3.907815631262536726e-01 5.332430435210711028e-01 2.130282313433615460e-01 4.976498189585219258e-03 2.487522269459821744e-01
-3.306613226452910226e-01 5.205429891693684752e-01 2.119640444510103583e-01 4.412446803985775080e-03 2.630805195756354409e-01
-2.705410821643283725e-01 5.081344267347089882e-01 2.107633176272079578e-01 3.939489975913982450e-03 2.771627656621691305e-01
-2.104208416833674988e-01 4.961342052780183254e-01 2.095289079360248830e-01 3.545442529541864996e-03 2.907914442564150104e-01
-1.503006012024048488e-01 4.844793084917444204e-01 2.083646386135648010e-01 3.216182035622824724e-03 3.039398708590678733e-01
-9.018036072144397508e-02 4.731727426418550486e-01 2.073240552937053172e-01 2.943336222684417736e-03 3.165598658417550504e-01
-3.006012024048132503e-02 4.623609718321167183e-01 2.063581936706145314e-01 2.717149458896909921e-03 3.285636850383718000e-01
3.006012024047954867e-02 4.519144109947830779e-01 2.056713665358740339e-01 2.533383884371348017e-03 3.398808385849714786e-01
9.018036072144219872e-02 4.419208781672200326e-01 2.051547241993919857e-01 2.383523678552008224e-03 3.505408739548360186e-01
1.503006012024048488e-01 4.323442420126910601e-01 2.049825527082995147e-01 2.264929110310518693e-03 3.604082761686988601e-01
2.104208416833657225e-01 4.232864823677326971e-01 2.051666754419647076e-01 2.174180638841130553e-03 3.693726615514613676e-01
2.705410821643283725e-01 4.145134298543162732e-01 2.057098384365740606e-01 2.108455547009177068e-03 3.776682761621004136e-01
3.306613226452892462e-01 4.062311854324408000e-01 2.066347250657332713e-01 2.065943801730698963e-03 3.850681457000952324e-01
3.907815631262518963e-01 3.982384014814108752e-01 2.079895497600701693e-01 2.045465222653768036e-03 3.917265835358652581e-01
4.509018036072145463e-01 3.908199758797919476e-01 2.098154388212522814e-01 2.046212750844616894e-03 3.973183725481112538e-01
5.110220440881754200e-01 3.837379986605923277e-01 2.121470416218936839e-01 2.068651303842309296e-03 4.020463084136717269e-01
5.711422845691380701e-01 3.769782668466871711e-01 2.150032163535687824e-01 2.112968894871195165e-03 4.059055479048729320e-01
6.312625250500989438e-01 3.706798515814348494e-01 2.183603447911373896e-01 2.179926089280933340e-03 4.087798775381468741e-01
6.913827655310615938e-01 3.646502002076470461e-01 2.222813402898287383e-01 2.271684548151301636e-03 4.107967749543728897e-01
7.515030060120242439e-01 3.590703139474537564e-01 2.267446846017643902e-01 2.389967857765149927e-03 4.117950335930167793e-01
8.116232464929851176e-01 3.537182689948098480e-01 2.318392300809683781e-01 2.538440738957871336e-03 4.119040601852639316e-01
8.717434869739477676e-01 3.487339882384034029e-01 2.375148227176877291e-01 2.720964319490263000e-03 4.110302247244185248e-01
9.318637274549086413e-01 3.440795232220667521e-01 2.438694884144549657e-01 2.942495239094510082e-03 4.091084931243837985e-01
9.919839679358712914e-01 3.396387212943701717e-01 2.508456578882895527e-01 3.208532149107892317e-03 4.063070886682325633e-01
1.052104208416832165e+00 3.356544849450766588e-01 2.584134290540401890e-01 3.527112631550734668e-03 4.024049733693325082e-01
1.112224448897794815e+00 3.318362198806907304e-01 2.666304999631115003e-01 3.907155832150223558e-03 3.976261243240475363e-01
1.172344689378757465e+00 3.282987420985473692e-01 2.754865094160050543e-01 4.356831093186344303e-03 3.918579173922611680e-01
1.232464929859720115e+00 3.250527502424181425e-01 2.849406863054134154e-01 4.890671433314626448e-03 3.851158920188538781e-01
1.292585170340679213e+00 3.220971231061674489e-01 2.949925828994718890e-01 5.523712018501584012e-03 3.773865819758589479e-01
1.352705410821641863e+00 3.193515219513962666e-01 3.055914015862389865e-01 6.270815901521705274e-03 3.687862605608430711e-01
1.412825651302604513e+00 3.169219593164288029e-01 3.167104730684722202e-01 7.157003260676291639e-03 3.592105643544228344e-01
1.472945891783567163e+00 3.146644564766497010e-01 3.282702204082397213e-01 8.203957000556667128e-03 3.488613661145538170e-01
1.533066132264529813e+00 3.126473418350321221e-01 3.402070273067402950e-01 9.435819144587957730e-03 3.377098117136396738e-01
1.593186372745488910e+00 3.109596070163477277e-01 3.523921427606037104e-01 1.088819392527176112e-02 3.257600562977769343e-01
1.653306613226451560e+00 3.094754453004527894e-01 3.647975999761854382e-01 1.259327892890396705e-02 3.131336757944576665e-01
1.713426853707414210e+00 3.082383377997042206e-01 3.772233796601413558e-01 1.458853072819193963e-02 2.999497518119624839e-01
1.773547094188376860e+00 3.071603038635441485e-01 3.896955700044235638e-01 1.693115033645255577e-02 2.862129757955797493e-01
1.833667334669339510e+00 3.063697682558595980e-01 4.018622148262196436e-01 1.966237792912495577e-02 2.721056389887957505e-01
1.893787575150298608e+00 3.057801228899367785e-01 4.136838480426621723e-01 2.284529041263027790e-02 2.576907386547708234e-01
1.953907815631261258e+00 3.054939135173577180e-01 4.249510073421282619e-01 2.652141339131019321e-02 2.430336657492037644e-01
2.014028056112223908e+00 3.054625646709324127e-01 4.354669338069863116e-01 3.076492580733518681e-02 2.283055757147461340e-01
2.074148296593186558e+00 3.056541795087583391e-01 4.450876643275897826e-01 3.564726573480526961e-02 2.136108904288465393e-01
2.134268537074149208e+00 3.061003208552657839e-01 4.536521719521996454e-01 4.120529031695652211e-02 1.990422168755780485e-01
2.194388777555108305e+00 3.067923293132334139e-01 4.609335315730904159e-01 4.754119736491911608e-02 1.847329417487571790e-01
2.254509018036070955e+00 3.079529441636782994e-01 4.666732288323113820e-01 5.468522564714571599e-02 1.706886013568646165e-01
2.314629258517033605e+00 3.092822313362597053e-01 4.708921158064064971e-01 6.272336592359412100e-02 1.571022869337398709e-01
2.374749498997996255e+00 3.109643080146154426e-01 4.733290566747204164e-01 7.168582338629053696e-02 1.440208119243735208e-01
2.434869739478958905e+00 3.129525802530952472e-01 4.739592916584500770e-01 8.158929925532053262e-02 1.314988288331340738e-01
2.494989979959918003e+00 3.153015532426854395e-01 4.726216457244600821e-01 9.249330031794295026e-02 1.195835007149115697e-01
2.555110220440880653e+00 3.180570195300071457e-01 4.692454907607013781e-01 1.043621009202163746e-01 1.083353887890751988e-01
2.615230460921843303e+00 3.211468061566715160e-01 4.638810117408498912e-01 1.171984163399114182e-01 9.777376576256714691e-02
2.675350701402805953e+00 3.246372109067162115e-01 4.564667155771208185e-01 1.309868720812254472e-01 8.790920143493743955e-02
2.735470941883768603e+00 3.285712929462794585e-01 4.470362630950203697e-01 1.456218526546800562e-01 7.877059130402007392e-02
2.795591182364727700e+00 3.328658609255956136e-01 4.357121140322809949e-01 1.610542980009869451e-01 7.036772704113648802e-02
2.855711422845690350e+00 3.375893893664971279e-01 4.226241712990724819e-01 1.771539780173763678e-01 6.263246131705399455e-02
2.915831663326653000e+00 3.428177868871565281e-01 4.078275570389443550e-01 1.937710136141802819e-01 5.558364245971872397e-02
2.975951903807615651e+00 3.484026432765403025e-01 3.916452055417351530e-01 2.107725531995217061e-01 4.917959798220301881e-02
3.036072144288574748e+00 3.544253957074557926e-01 3.741632594437772075e-01 2.279945066919950580e-01 4.341683815677188640e-02
3.096192384769537398e+00 3.609793644543619062e-01 3.556334119722473486e-01 2.451680349406154258e-01 3.821918863277522921e-02
3.156312625250500048e+00 3.679304578735441145e-01 3.363407985773514963e-01 2.621459052929353550e-01 3.358283825616899254e-02
3.216432865731462698e+00 3.753288429852423835e-01 3.163929698977945293e-01 2.788227568815062618e-01 2.945543023545682190e-02
3.276553106212425348e+00 3.832421035342503668e-01 2.961301688171190105e-01 2.948481290682942180e-01 2.577959858033651228e-02
3.336673346693384445e+00 3.915550295983144524e-01 2.758394828368887497e-01 3.100686049070326966e-01 2.253688265776397984e-02
3.396793587174347095e+00 4.003308314458737249e-01 2.555954274003196525e-01 3.244029445669525114e-01 1.967079658685403146e-02
3.456913827655309746e+00 4.096001972312441897e-01 2.357197738642962115e-01 3.375174561834535236e-01 1.716257272100595380e-02
3.517034068136272396e+00 4.192383596277897140e-01 2.163261956054778612e-01 3.494718779122182872e-01 1.496356685451416708e-02
3.577154308617235046e+00 4.292146110636733680e-01 1.976321626447031798e-01 3.601124212532235136e-01 1.304080503839997671e-02
3.637274549098194143e+00 4.396612556105673475e-01 1.797082582900186298e-01 3.692640855789187659e-01 1.136640052049523592e-02
3.697394789579156793e+00 4.504370429919839491e-01 1.626818442380665863e-01 3.769704331267803576e-01 9.910679643169056571e-03
3.757515030060119443e+00 4.614860911733856819e-01 1.466555514429412066e-01 3.832113342319343197e-01 8.647023151738800553e-03
3.817635270541082093e+00 4.728049507608944602e-01 1.317115799981977142e-01 3.879309329632593117e-01 7.552536277648609284e-03
3.877755511022044743e+00 4.843188947519347920e-01 1.177913878907076300e-01 3.912874662272728954e-01 6.602251130084646133e-03
3.937875751503003841e+00 4.960374490997251917e-01 1.049772930499929119e-01 3.932013888254274891e-01 5.783869024854357797e-03
3.997995991983966491e+00 5.078263117182136854e-01 9.323393803324889206e-02 3.938641592632545207e-01 5.075590985282833235e-03
