# X mode_0 mode_1 mode_2 mode_3
-1.500000000000000000e+01 2.719011332845708839e-01 3.124512755853769974e-01 2.250278633401392447e-01 1.906197277899128184e-01
-1.493987975951903735e+01 2.695479138411818743e-01 3.114768259042531851e-01 2.271469936719823224e-01 1.918282665825826183e-01
-1.487975951903807648e+01 2.674983600940015194e-01 3.101176181260416054e-01 2.293246870183543173e-01 1.930593347616024746e-01
-1.481963927855711383e+01 2.657804310564754746e-01 3.083497988787943789e-01 2.315455835373106397e-01 1.943241865274195623e-01
-1.475951903807615295e+01 2.643611002277941879e-01 3.062881310591935580e-01 2.338101839290115391e-01 1.955405847840007150e-01
-1.469939879759519030e+01 2.632178888797616634e-01 3.039854072970820109e-01 2.361269135265740560e-01 1.966697902965822697e-01
-1.463927855711422765e+01 2.621569188172759857e-01 3.015584463766315393e-01 2.386005310279307456e-01 1.976841037781618404e-01
-1.457915831663326678e+01 2.613154204506301093e-01 2.989602060978614473e-01 2.410948495841981620e-01 1.986295238673103369e-01
-1.451903807615230413e+01 2.603854972867977180e-01 2.963589806110479841e-01 2.437978294215164543e-01 1.994576926806378714e-01
-1.445891783567134325e+01 2.595967625549026048e-01 2.936376810127644399e-01 2.465250906990771596e-01 2.002404657332557958e-01
-1.439879759519038060e+01 2.587554331733518675e-01 2.910345214827212978e-01 2.493259846465927798e-01 2.008840606973340548e-01
-1.433867735470941795e+01 2.578997161076133637e-01 2.884389418838382846e-01 2.521401524641300740e-01 2.015211895444183610e-01
-1.427855711422845708e+01 2.568934756133161024e-01 2.859758695695809871e-01 2.550323125307558669e-01 2.020983422863471546e-01
-1.421843687374749443e+01 2.559399590611009523e-01 2.836699591731146608e-01 2.577475714213888769e-01 2.026425103443955378e-01
-1.415831663326653356e+01 2.549321819267507117e-01 2.814455464787210537e-01 2.603663611613709628e-01 2.032559104331572997e-01
-1.409819639278557091e+01 2.539652532783840400e-01 2.793984978162366017e-01 2.628014313762088716e-01 2.038348175291705144e-01
-1.403807615230461003e+01 2.530205893731988787e-01 2.776246993615370529e-01 2.648849092732435406e-01 2.044698019920205001e-01
-1.397795591182364738e+01 2.522290497909840945e-01 2.760198912584784225e-01 2.666063698818549321e-01 2.051446890686825786e-01
-1.391783567134268473e+01 2.516539982982906043e-01 2.745832038373512973e-01 2.678203426866916925e-01 2.059424551776663226e-01
-1.385771543086172386e+01 2.512706278627168111e-01 2.733715340301071661e-01 2.685127334281253719e-01 2.068451046790507342e-01
-1.379759519038076121e+01 2.512667985239839807e-01 2.723927464807776588e-01 2.685202944368508260e-01 2.078201605583876455e-01
-1.373747494989980034e+01 2.515043334388055718e-01 2.715166940745374347e-01 2.680093486978342154e-01 2.089696237888226671e-01
-1.367735470941883769e+01 2.521443575570933571e-01 2.709081166837550847e-01 2.667570166246739927e-01 2.101905091344773990e-01
-1.361723446893787504e+01 2.531234469943045018e-01 2.703629915884148693e-01 2.648779897427832597e-01 2.116355716744973692e-01
-1.355711422845691416e+01 2.545009426456512069e-01 2.699846504846051265e-01 2.623284348258067555e-01 2.131859720439368555e-01
-1.349699398797595151e+01 2.561800423315042652e-01 2.696676558306677074e-01 2.591772682011265760e-01 2.149750336367013126e-01
-1.343687374749499064e+01 2.582410366217618991e-01 2.693842890210537133e-01 2.555300030885439000e-01 2.168446712686405431e-01
-1.337675350701402799e+01 2.605285209154252213e-01 2.691458900177927660e-01 2.514056464652297818e-01 2.189199426015522310e-01
-1.331663326653306711e+01 2.629819982123626776e-01 2.688408409828804690e-01 2.469678751834661623e-01 2.212092856212906355e-01
-1.325651302605210446e+01 2.656660658853508550e-01 2.684723116916711283e-01 2.423136421261312679e-01 2.235479802968466934e-01
-1.319639278557114181e+01 2.683236238913658256e-01 2.680905961380008473e-01 2.374998686993458619e-01 2.260859112712874097e-01
-1.313627254509018094e+01 2.710010493767474604e-01 2.676287511212708248e-01 2.327153389744948675e-01 2.286548605274868196e-01
-1.307615230460921829e+01 2.735436613394796046e-01 2.670965304088217529e-01 2.280206797883871928e-01 2.313391284633114220e-01
-1.301603206412825742e+01 2.758580850820077646e-01 2.665513182786230506e-01 2.235049639873559479e-01 2.340856326520132369e-01
-1.295591182364729477e+01 2.779820038033591900e-01 2.658147803251282859e-01 2.192913858664716498e-01 2.369118300050409021e-01
-1.289579158316633212e+01 2.797647788133029723e-01 2.651104428545960068e-01 2.154339266063725333e-01 2.396908517257283766e-01
-1.283567134268537124e+01 2.811583844617261962e-01 2.644517294054818946e-01 2.119049720239413737e-01 2.424849141088504800e-01
-1.277555110220440859e+01 2.821294917852200657e-01 2.637831615048079614e-01 2.088453985561106452e-01 2.452419481538612722e-01
-1.271543086172344772e+01 2.826768186017554196e-01 2.631360324038673482e-01 2.062031391924760704e-01 2.479840098019013006e-01
-1.265531062124248507e+01 2.827371066677308309e-01 2.626555429772122752e-01 2.039791593990171181e-01 2.506281909560397203e-01
-1.259519038076152242e+01 2.822948533590008968e-01 2.622905502329600513e-01 2.022669886536294925e-01 2.531476077544095316e-01
-1.253507014028056155e+01 2.814522607487173200e-01 2.620009421756502865e-01 2.009540936090698504e-01 2.555927034665625430e-01
-1.247494989979959890e+01 2.801113582725814344e-01 2.619064764982482751e-01 1.999536747228391753e-01 2.580284905063310874e-01
-1.241482965931863802e+01 2.784288143290421513e-01 2.619275603985935508e-01 1.993052041222350412e-01 2.603384211501292844e-01
-1.235470941883767537e+01 2.763958619838719488e-01 2.621108250064980161e-01 1.989015362474828574e-01 2.625917767621471222e-01
-1.229458917835671272e+01 2.740854436688175966e-01 2.624292224253277350e-01 1.987318565731187869e-01 2.647534773327359092e-01
-1.223446893787575185e+01 2.714525325513862941e-01 2.629712342027794580e-01 1.987242178676584814e-01 2.668520153781758220e-01
-1.217434869739478920e+01 2.687979822323400270e-01 2.635062613674431509e-01 1.987734785532912773e-01 2.689222778469256281e-01
-1.211422845691382832e+01 2.660128498601672664e-01 2.643138092111653181e-01 1.988866005469890064e-01 2.707867403816784924e-01
-1.205410821643286567e+01 2.632973449443434810e-01 2.650284177964821186e-01 1.990049411089147569e-01 2.726692961502596435e-01
-1.199398797595190302e+01 2.607075352615947361e-01 2.658892209711829491e-01 1.990077165704399464e-01 2.743955271967823406e-01
-1.193386773547094215e+01 2.582528879919100961e-01 2.668074051114441847e-01 1.989447966853594152e-01 2.759949102112862485e-01
-1.187374749498997950e+01 2.561732328468762643e-01 2.677599195334186555e-01 1.987249040071237538e-01 2.773419436125812987e-01
-1.181362725450901863e+01 2.543966163249141710e-01 2.686879084594132050e-01 1.983940063631874917e-01 2.785214688524850768e-01
-1.175350701402805598e+01 2.530670515083957572e-01 2.695781486798051740e-01 1.979384363091986343e-01 2.794163635026005732e-01
-1.169338677354709333e+01 2.522462312538503726e-01 2.705078049642985483e-01 1.973981798120938436e-01 2.798477839697571246e-01
-1.163326653306613245e+01 2.519278752925511733e-01 2.714617639007039229e-01 1.966918282136001228e-01 2.799185325931448087e-01
-1.157314629258517158e+01 2.521350084698131266e-01 2.724022947716046028e-01 1.959669161781727731e-01 2.794957805804095807e-01
-1.151302605210420893e+01 2.528354477296029801e-01 2.733713086057825703e-01 1.953273381763426797e-01 2.784659054882718254e-01
-1.145290581162324628e+01 2.540898106532517020e-01 2.744371517294981189e-01 1.946285380256941311e-01 2.768444995915559925e-01
-1.139278557114228363e+01 2.558496080462839828e-01 2.754603370024524822e-01 1.940826017799216208e-01 2.746074531713419975e-01
-1.133266533066132276e+01 2.579322837647040623e-01 2.766416098158026027e-01 1.937142336617201088e-01 2.717118727577731430e-01
-1.127254509018036188e+01 2.603148332310824542e-01 2.779493038928725901e-01 1.935172588780448566e-01 2.682186039980000158e-01
-1.121242484969939923e+01 2.628889977629135788e-01 2.793703768383666852e-01 1.935985958571635746e-01 2.641420295415562447e-01
-1.115230460921843658e+01 2.655234578891782493e-01 2.809114604926923886e-01 1.940314948720997246e-01 2.595335867460296653e-01
-1.109218436873747571e+01 2.680675782194699153e-01 2.826941301409808815e-01 1.947294585203884210e-01 2.545088331191607267e-01
-1.103206412825651306e+01 2.703734547585314729e-01 2.845391407242168214e-01 1.959168622391506409e-01 2.491705422781009815e-01
-1.097194388777555218e+01 2.722967145712052450e-01 2.865810442906039923e-01 1.974666429283202518e-01 2.436555982098705664e-01
-1.091182364729458953e+01 2.736870895743981347e-01 2.887822385207566289e-01 1.994206681879269749e-01 2.381100037169182893e-01
-1.085170340681362688e+01 2.744611672249470669e-01 2.910924949295136122e-01 2.018510748314553405e-01 2.325952630140840638e-01
-1.079158316633266423e+01 2.744859140240850093e-01 2.934308579113278359e-01 2.047509643906725574e-01 2.273322636739146529e-01
-1.073146292585170336e+01 2.736404487142056752e-01 2.958967583599276252e-01 2.080635556341542125e-01 2.223992372917125149e-01
-1.067134268537074249e+01 2.720040444547431324e-01 2.983117923753550449e-01 2.116826918245878209e-01 2.180014713453138631e-01
-1.061122244488977984e+01 2.694633176351490245e-01 3.006995196022376193e-01 2.157365824777263408e-01 2.141005802848869322e-01
-1.055110220440881719e+01 2.661297974519750142e-01 3.029042801702044319e-01 2.200357109271565970e-01 2.109302114506640125e-01
-1.049098196392785631e+01 2.619990836340695406e-01 3.049520231228152189e-01 2.245965187982406075e-01 2.084523744448746885e-01
-1.043086172344689366e+01 2.571947943533292591e-01 3.067392635792719480e-01 2.292173881160199100e-01 2.068485539513788274e-01
-1.037074148296593279e+01 2.518291400188431006e-01 3.081441145239320889e-01 2.340304847463548499e-01 2.059962607108699884e-01
-1.031062124248497014e+01 2.460327656645713845e-01 3.092004933914306308e-01 2.386882886760393341e-01 2.060784522679586783e-01
-1.025050100200400749e+01 2.399381227992210819e-01 3.097430100874553061e-01 2.432757342734022665e-01 2.070431328399214566e-01
-1.019038076152304662e+01 2.336078988624656627e-01 3.097871091550320477e-01 2.475990497888554964e-01 2.090059421936467099e-01
-1.013026052104208397e+01 2.272980830500929694e-01 3.093102570928244477e-01 2.516269252403201540e-01 2.117647346167624012e-01
-1.007014028056112309e+01 2.210345810626016538e-01 3.082206807180210006e-01 2.552626276358436197e-01 2.154821105835336703e-01
-1.001002004008016044e+01 2.149919377065836190e-01 3.065842866304999692e-01 2.584501965196393525e-01 2.199735791432771426e-01
-9.949899799599197792e+00 2.092124588723401069e-01 3.043869131065316536e-01 2.610943804911042276e-01 2.253062475300239009e-01
-9.889779559118236918e+00 2.038007291790960851e-01 3.016424618698196891e-01 2.632342488619828225e-01 2.313225600891013201e-01
-9.829659318637276044e+00 1.988290070173604762e-01 2.983846833437047152e-01 2.648375803473642098e-01 2.379487292915705987e-01
-9.769539078156313394e+00 1.944192486687097710e-01 2.946756881490015800e-01 2.658648331684884125e-01 2.450402300138002087e-01
-9.709418837675350744e+00 1.905073008845588334e-01 2.906669374165731234e-01 2.663572821786595601e-01 2.524684795202084553e-01
-9.649298597194388094e+00 1.871835917187090192e-01 2.863988180574674747e-01 2.663704596863104568e-01 2.600471305375129938e-01
-9.589178356713427220e+00 1.845358892527560191e-01 2.819361424478871725e-01 2.659331690630398204e-01 2.675947992363170713e-01
-9.529058116232466347e+00 1.824576784452573153e-01 2.774564635665014434e-01 2.650896335578645235e-01 2.749962244303766346e-01
-9.468937875751503697e+00 1.810468303970755866e-01 2.730397391851477895e-01 2.639151229682676347e-01 2.819983074495089892e-01
-9.408817635270541047e+00 1.802472102417771171e-01 2.687627685368680353e-01 2.624725652126289610e-01 2.885174560087259699e-01
-9.348697394789578397e+00 1.800753089988941236e-01 2.646793257731418492e-01 2.607865621203957485e-01 2.944588031075682233e-01
-9.288577154308617523e+00 1.805080903275851634e-01 2.609935227078123421e-01 2.589222339215249691e-01 2.995761530430775532e-01
-9.228456913827656649e+00 1.814377111891331273e-01 2.576955423733902628e-01 2.569275454613355603e-01 3.039392009761410218e-01
-9.168336673346693999e+00 1.829891234515534648e-01 2.547297627759964045e-01 2.548046168747176710e-01 3.074764968977324320e-01
-9.108216432865731349e+00 1.849287576210425776e-01 2.522823173453486723e-01 2.525535853641446282e-01 3.102353396694642051e-01
-9.048096192384768699e+00 1.872990594106945239e-01 2.502124134449211224e-01 2.502518080678232115e-01 3.122367190765611977e-01
-8.987975951903807825e+00 1.900507337236236327e-01 2.485695666126872261e-01 2.478771451788732427e-01 3.135025544848158985e-01
-8.927855711422846952e+00 1.930840142925692726e-01 2.473907840729260010e-01 2.453722119442883209e-01 3.141529896902164332e-01
-8.867735470941884302e+00 1.963577688640509022e-01 2.464640786019798580e-01 2.428396900835676220e-01 3.143384624504015901e-01
-8.807615230460921651e+00 1.997271650919525687e-01 2.457623696448480999e-01 2.403666172286211544e-01 3.141438480345781215e-01
-8.747494989979959001e+00 2.031812511337815208e-01 2.452934339603377867e-01 2.378462819706131381e-01 3.136790329352676654e-01
-8.687374749498998128e+00 2.066613574229070049e-01 2.448799781110619356e-01 2.354141972389751647e-01 3.130444672270559225e-01
-8.627254509018037254e+00 2.101672103579527717e-01 2.443356326837970161e-01 2.331353984769191368e-01 3.123617584813309644e-01
-8.567134268537074604e+00 2.135650419073442385e-01 2.437228189828621328e-01 2.310577236877561502e-01 3.116544154220374230e-01
-8.507014028056111954e+00 2.169139201093626679e-01 2.428383361018522091e-01 2.292061298078406362e-01 3.110416139809445424e-01
-8.446893787575149304e+00 2.200125341540593027e-01 2.416009650901936312e-01 2.276956015410486478e-01 3.106908992146984461e-01
-8.386773547094188430e+00 2.230644879958270377e-01 2.399774860433997736e-01 2.266285656862416231e-01 3.103294602745315656e-01
-8.326653306613227556e+00 2.258104074198274414e-01 2.377592946520454831e-01 2.260942595343745365e-01 3.103360383937525113e-01
-8.266533066132264906e+00 2.282739196261392434e-01 2.350056898605132061e-01 2.261811783006396070e-01 3.105392122127079158e-01
-8.206412825651302256e+00 2.304384786239971061e-01 2.316283166280511396e-01 2.270202328189002694e-01 3.109129719290514848e-01
-8.146292585170341383e+00 2.321686368290586944e-01 2.276510123628193716e-01 2.285779946427783926e-01 3.116023561653435414e-01
-8.086172344689378733e+00 2.333385397803453554e-01 2.229967894787724669e-01 2.310566978636050262e-01 3.126079728772771515e-01
-8.026052104208417859e+00 2.338662745391024422e-01 2.177831637689887356e-01 2.344169764437131487e-01 3.139335852481957012e-01
-7.965931863727455209e+00 2.336083031975055291e-01 2.118617253337861384e-01 2.388741432957761923e-01 3.156558281729321958e-01
-7.905811623246493447e+00 2.324258507642560645e-01 2.054015451481545906e-01 2.444684817305383950e-01 3.177041223570509776e-01
-7.845691382765531685e+00 2.300706636383217374e-01 1.983321908762828989e-01 2.512329924943479398e-01 3.203641529910473129e-01
-7.785571142284569035e+00 2.264605126768539367e-01 1.907243482010459179e-01 2.593120553466186640e-01 3.235030837754814814e-01
-7.725450901803607273e+00 2.214630260957564656e-01 1.826117429875673270e-01 2.687095992262321098e-01 3.272156316904440421e-01
-7.665330661322645511e+00 2.149035941957569418e-01 1.739370011846781139e-01 2.795501820394424852e-01 3.316092225801223758e-01
-7.605210420841683749e+00 2.067714072476125042e-01 1.648352464612347079e-01 2.917764445696899300e-01 3.366169017214628578e-01
-7.545090180360721988e+00 1.970966628587357272e-01 1.551926522562439570e-01 3.053914325933072549e-01 3.423192522917131719e-01
-7.484969939879760226e+00 1.858006481743725014e-01 1.451643491196857594e-01 3.205914102716270198e-01 3.484435924343147195e-01
-7.424849699398797576e+00 1.732068680931026783e-01 1.347381302875607645e-01 3.370279332388596560e-01 3.550270683804769845e-01
-7.364729458917835814e+00 1.594683123697079596e-01 1.239802056371152039e-01 3.547199883394756559e-01 3.618314936537012083e-01
-7.304609218436874052e+00 1.448576722362928115e-01 1.130249136344943367e-01 3.734546099547730869e-01 3.686628041744397510e-01
-7.244488977955912290e+00 1.298013981785099136e-01 1.019726643627786311e-01 3.929644310339442947e-01 3.752615064247671328e-01
-7.184368737474950528e+00 1.147364720370187274e-01 9.103636242181120664e-02 4.130644993251690877e-01 3.811626662160010337e-01
-7.124248496993987878e+00 9.999134596290626398e-02 8.034232696137258434e-02 4.333728408229394757e-01 3.862934862527815927e-01
-7.064128256513026116e+00 8.597916285582042628e-02 7.012063602237006421e-02 4.537382665225064837e-01 3.901619345993029286e-01
-7.004008016032064354e+00 7.299939630712415362e-02 6.050580062054097819e-02 4.738102259385547632e-01 3.926845771337801883e-01
-6.943887775551102592e+00 6.127862414565415916e-02 5.168256021246595000e-02 4.933392779896449976e-01 3.936995376522349765e-01
-6.883767535070139942e+00 5.091566182545292918e-02 4.371882579893023035e-02 5.123826931538503215e-01 3.929828192217665883e-01
-6.823647294589179069e+00 4.194743294474692630e-02 3.666933318108465262e-02 5.305561415598338826e-01 3.908270923143346010e-01
-6.763527054108216419e+00 3.434161463426201044e-02 3.054363213665089311e-02 5.479959318241665045e-01 3.871188214049205989e-01
-6.703406813627255545e+00 2.800748041853103054e-02 2.531443190966197257e-02 5.645439422157899623e-01 3.821341454560169826e-01
-6.643286573146292895e+00 2.277501495022611622e-02 2.089631441034662390e-02 5.802581708726444187e-01 3.760704997667826954e-01
-6.583166332665330245e+00 1.852227521686021852e-02 1.721794243268398583e-02 5.952478857706855475e-01 3.690118965797702377e-01
-6.523046092184369371e+00 1.509536890421027400e-02 1.418911972016262402e-02 6.092847052039763733e-01 3.614308061716506315e-01
-6.462925851703406721e+00 1.234667391970336973e-02 1.171815434268707115e-02 6.224091050560939253e-01 3.535260666815156494e-01
-6.402805611222445847e+00 1.015762970135187550e-02 9.708217516657669660e-03 6.346209869659484859e-01 3.455131658160420227e-01
-6.342685370741483197e+00 8.414442159440465446e-03 8.084329056763366050e-03 6.459369420740942447e-01 3.375642867097018995e-01
-6.282565130260520547e+00 7.029759600165737428e-03 6.778233276251002803e-03 6.561377985636728249e-01 3.300542085599105224e-01
-6.222444889779559674e+00 5.929549039715243351e-03 5.726612975960807678e-03 6.651876402599267157e-01 3.231561977243972983e-01
-6.162324649298597024e+00 5.051527784795927130e-03 4.880578976554576787e-03 6.731412862671641850e-01 3.169266069714853362e-01
-6.102204408817636150e+00 4.352971030883243629e-03 4.202116386399417335e-03 6.799020534791989645e-01 3.115428591035183659e-01
-6.042084168336673500e+00 3.792494921124858233e-03 3.653673839459528443e-03 6.853262088392501061e-01 3.072276224001654898e-01
-5.981963927855712626e+00 3.343703528623752797e-03 3.212678966436363723e-03 6.895616139617187779e-01 3.038820035432209798e-01
-5.921843687374749976e+00 2.981470765622037077e-03 2.856394744209295698e-03 6.925098445860039531e-01 3.016522899041645944e-01
-5.861723446893787326e+00 2.687763071296288882e-03 2.567836211520583591e-03 6.943214825678958313e-01 3.004229181492873435e-01
-5.801603206412826452e+00 2.450305492422957723e-03 2.333856980460175760e-03 6.949219516964502130e-01 3.002938858306667402e-01
-5.741482965931863802e+00 2.255777124314526597e-03 2.144103230444852938e-03 6.945768329530732643e-01 3.010232866921672135e-01
-5.681362725450902929e+00 2.096613921370162666e-03 1.989849432715826844e-03 6.932241728708103956e-01 3.026893637751036925e-01
-5.621242484969940278e+00 1.966575548270559082e-03 1.865262082088387429e-03 6.910954390765954303e-01 3.050727232930456889e-01
-5.561122244488977628e+00 1.858265838215750502e-03 1.763806589070916536e-03 6.884910850474751376e-01 3.078868425252382357e-01
-5.501002004008016755e+00 1.769000281566901478e-03 1.682158834465843217e-03 6.854686615257226112e-01 3.110801793582446684e-01
-5.440881763527054105e+00 1.694442658964252085e-03 1.617250370362330629e-03 6.821824564215306363e-01 3.145058505491427625e-01
-5.380761523046093231e+00 1.632001755472263418e-03 1.565137829751831345e-03 6.790914560467163907e-01 3.177114043680595024e-01
-5.320641282565130581e+00 1.580830977067089211e-03 1.525106700644427490e-03 6.761191790191771744e-01 3.207748833031112135e-01
-5.260521042084167931e+00 1.537624104820834109e-03 1.494249354256543599e-03 6.735716858740045110e-01 3.233964406669180836e-01
-5.200400801603207057e+00 1.502077287405779180e-03 1.472495475932806283e-03 6.715983026992876637e-01 3.254271245373737131e-01
-5.140280561122244407e+00 1.473059346856841730e-03 1.458011490969221601e-03 6.703059499799304266e-01 3.267629791822436180e-01
-5.080160320641283533e+00 1.449777883280881346e-03 1.449941513923821848e-03 6.698324133204456299e-01 3.272678672823495782e-01
-5.020040080160320883e+00 1.431577111250358384e-03 1.447814839859614322e-03 6.699977046429210770e-01 3.271229034059689456e-01
-4.959919839679358233e+00 1.419511913825723896e-03 1.451781198482420248e-03 6.709678778943126698e-01 3.261608289933790594e-01
-4.899799599198397360e+00 1.411642277810555872e-03 1.460652354981494287e-03 6.725134845928892879e-01 3.246142207743186181e-01
-4.839679358717434710e+00 1.408556764824612974e-03 1.474669880639631813e-03 6.746564030245976173e-01 3.224603703299381841e-01
-4.779559118236473836e+00 1.411037476937243573e-03 1.493343146340052763e-03 6.771656247346796720e-01 3.199299946420429697e-01
-4.719438877755511186e+00 1.418471807937535158e-03 1.517221282524158386e-03 6.798502156956942599e-01 3.172140912138442514e-01
-4.659318637274550312e+00 1.430848079374815937e-03 1.545332805620413868e-03 6.826726685260728900e-01 3.143511505889318158e-01
-4.599198396793587662e+00 1.448318455838942635e-03 1.578663778306942014e-03 6.851869631039236852e-01 3.117860546619303230e-01
-4.539078156312625012e+00 1.472042103640437607e-03 1.616104355043569349e-03 6.874698456683293601e-01 3.094420078729865908e-01
-4.478957915831664138e+00 1.499981860736420780e-03 1.657856755339983789e-03 6.892113339607202072e-01 3.076308274232034679e-01
-4.418837675350701488e+00 1.532995254960734704e-03 1.703771555458949861e-03 6.905633829781747668e-01 3.061998502114056109e-01
-4.358717434869740615e+00 1.571238751586108645e-03 1.753146581983532678e-03 6.911244250641782605e-01 3.055511896022519713e-01
-4.298597194388777964e+00 1.612558539910151356e-03 1.804584817425585038e-03 6.912139495376583564e-01 3.053689071050060266e-01
-4.238476953907815314e+00 1.657375066610707395e-03 1.857145487087827470e-03 6.907354589676961698e-01 3.057500204786053888e-01
-4.178356713426854441e+00 1.704082391911499123e-03 1.909852332363506803e-03 6.895776683497664150e-01 3.068083969259586263e-01
-4.118236472945891791e+00 1.751008498378997438e-03 1.959530724120692353e-03 6.881177108400962084e-01 3.081717499374039826e-01
-4.058116232464930917e+00 1.797203899416705648e-03 2.004735481751187230e-03 6.864632740685171486e-01 3.097347865503148889e-01
-3.997995991983968267e+00 1.839815677265182808e-03 2.042787312216965724e-03 6.847621965939059141e-01 3.113552004166120213e-01
-3.937875751503005617e+00 1.877633376201694442e-03 2.070091854327395318e-03 6.831493154425624104e-01 3.129029593269083698e-01
-3.877755511022044743e+00 1.910281910007491238e-03 2.085548933181701186e-03 6.819297801543943160e-01 3.140743890024164098e-01
-3.817635270541082093e+00 1.933854355173868439e-03 2.085893074325426144e-03 6.813309517573929996e-01 3.146493008131076574e-01
-3.757515030060121219e+00 1.948143265375502876e-03 2.069645033353419150e-03 6.814692311123516921e-01 3.145129805889193553e-01
-3.697394789579158569e+00 1.953466293054675635e-03 2.036842087136862042e-03 6.822520935896411176e-01 3.137575980301673950e-01
-3.637274549098197696e+00 1.947666273601819176e-03 1.987116216335603654e-03 6.840014638844909012e-01 3.120637536255714828e-01
-3.577154308617235046e+00 1.931905575865031695e-03 1.922181772093423937e-03 6.864801776107439801e-01 3.096657350412974630e-01
-3.517034068136272396e+00 1.906356440132820924e-03 1.844194756818967476e-03 6.897471855168937349e-01 3.065022632861545415e-01
-3.456913827655311522e+00 1.873633708866004506e-03 1.756583050658662524e-03 6.934356529946765768e-01 3.029341302457986829e-01
-3.396793587174348872e+00 1.834119441677738377e-03 1.662978980746777045e-03 6.974577569711969405e-01 2.990451446063786545e-01
-3.336673346693387998e+00 1.790649456470487771e-03 1.568713749889021330e-03 7.014888465386240890e-01 2.951517902550164218e-01
-3.276553106212425348e+00 1.743612454696135631e-03 1.476604397724067506e-03 7.052086350708134388e-01 2.915711480767663732e-01
-3.216432865731462698e+00 1.697875080164052211e-03 1.391606862595142760e-03 7.081371401254819009e-01 2.887733779317588345e-01
-3.156312625250501824e+00 1.653121974188761145e-03 1.316391918038499909e-03 7.101252854895014899e-01 2.869052006182712389e-01
-3.096192384769539174e+00 1.613201217895243386e-03 1.254587275899424984e-03 7.108008642995412574e-01 2.863313472066640886e-01
-3.036072144288578301e+00 1.577740847478001189e-03 1.208138775374244071e-03 7.098852898173462211e-01 2.873288305598015735e-01
-2.975951903807615651e+00 1.550091266777222244e-03 1.180365767555463909e-03 7.070633689682466194e-01 2.902061739974206023e-01
-2.915831663326653000e+00 1.529911065750603431e-03 1.173721236972373764e-03 7.023133277138896569e-01 2.949830399833874295e-01
-2.855711422845692127e+00 1.518797843049219743e-03 1.191667709648983444e-03 6.955176108261011958e-01 3.017719236212005329e-01
-2.795591182364729477e+00 1.517223941062763141e-03 1.239122615558849389e-03 6.868079540812324080e-01 3.104356993621458782e-01
-2.735470941883768603e+00 1.525770711374968775e-03 1.322680351948748913e-03 6.763328234525260996e-01 3.208187254841501912e-01
-2.675350701402805953e+00 1.544904280685638950e-03 1.452077646484346276e-03 6.645050103357283966e-01 3.324980077371016418e-01
-2.615230460921843303e+00 1.575378130785857296e-03 1.641999239190387871e-03 6.520070467823148030e-01 3.447755758477091259e-01
-2.555110220440882429e+00 1.617003944598793385e-03 1.914198453202813153e-03 6.393595512659244751e-01 3.571092463362738889e-01
-2.494989979959919779e+00 1.671334253984884787e-03 2.300624064285252714e-03 6.276979394149605485e-01 3.683301022667692659e-01
-2.434869739478958905e+00 1.739146645933165687e-03 2.852230137459937833e-03 6.179496348356932067e-01 3.774589883809137403e-01
-2.374749498997996255e+00 1.822846520890277454e-03 3.643147185875529603e-03 6.112036877447235561e-01 3.833303185485105735e-01
-2.314629258517035382e+00 1.922175604378289961e-03 4.784219112230015357e-03 6.084806151670001384e-01 3.848129901163915845e-01
-2.254509018036072732e+00 2.038686078015634374e-03 6.444642464852574394e-03 6.107297685978108071e-01 3.807869028593208194e-01
-2.194388777555110082e+00 2.172044132205188348e-03 8.874006436015434082e-03 6.184558869592819974e-01 3.704980624724974470e-01
-2.134268537074149208e+00 2.319538319542610149e-03 1.242508795322084039e-02 6.318438132776994509e-01 3.534115604495371432e-01
-2.074148296593186558e+00 2.475606737578304843e-03 1.758739101598747606e-02 6.504380935311359080e-01 3.294989087152982998e-01
-2.014028056112225684e+00 2.629948404048958795e-03 2.495466311945080534e-02 6.732332046872645526e-01 2.991821837892357228e-01
-1.953907815631263034e+00 2.769764478768068673e-03 3.524749113457766037e-02 6.980029360840256381e-01 2.639798083026287379e-01
-1.893787575150300384e+00 2.878727125595510316e-03 4.911848077424640913e-02 7.222073654553052835e-01 2.257954266448526648e-01
-1.833667334669339510e+00 2.941376393055060174e-03 6.698585618260741170e-02 7.429942773960088731e-01 1.870784900283284924e-01
-1.773547094188376860e+00 2.949940735430430817e-03 8.893406588619838515e-02 7.575738269738920838e-01 1.505421664044791497e-01
-1.713426853707415987e+00 2.902161852166426723e-03 1.144234584745862232e-01 7.645653981734580329e-01 1.181089814997892812e-01
-1.653306613226453337e+00 2.806714633971714619e-03 1.424658329480292807e-01 7.636782307577897333e-01 9.104922166020928964e-02
-1.593186372745490686e+00 2.678449353359142575e-03 1.716751940921553421e-01 7.560332815952791607e-01 6.961307495920641963e-02
-1.533066132264529813e+00 2.533606201805135415e-03 2.006822811954286911e-01 7.434564380478556611e-01 5.332767455491056741e-02
-1.472945891783567163e+00 2.388265049437802035e-03 2.281798105733149340e-01 7.279928235482459042e-01 4.143910082900128383e-02
-1.412825651302606289e+00 2.257606864828309769e-03 2.534409012119489546e-01 7.112839668330507292e-01 3.301752509017193832e-02
-1.352705410821643639e+00 2.149649912646129247e-03 2.757569103644665343e-01 6.948421956383897813e-01 2.725124408449751748e-02
-1.292585170340682765e+00 2.069482789116974981e-03 2.951202984354731051e-01 6.793117074881047657e-01 2.349851128730510649e-02
-1.232464929859720115e+00 2.021652108575511080e-03 3.113938076686761369e-01 6.652536452134438782e-01 2.133089500930442778e-02
-1.172344689378757465e+00 2.009185464617354276e-03 3.250943398871194989e-01 6.524009034947807484e-01 2.049557115348236286e-02
-1.112224448897796591e+00 2.031750407937500755e-03 3.364011561479682277e-01 6.406744553933647612e-01 2.089263805072955407e-02
-1.052104208416833941e+00 2.093734250139586868e-03 3.458386110114754497e-01 6.294547847784992545e-01 2.261286995988576534e-02
-9.919839679358730677e-01 2.194343010525310732e-03 3.536059036196581573e-01 6.182514438051621708e-01 2.594830956465433991e-02
-9.318637274549104177e-01 2.335090979589995227e-03 3.598769345864537561e-01 6.063270936098281716e-01 3.146088082412818593e-02
-8.717434869739477676e-01 2.515997681032235665e-03 3.647226364754549977e-01 5.927320692437796357e-01 4.002929659973301912e-02
-8.116232464929868939e-01 2.733228668593187197e-03 3.675529764563322255e-01 5.767037020447429718e-01 5.301009283033163155e-02
-7.515030060120242439e-01 2.975980997877470790e-03 3.679613725453066420e-01 5.567854810290976397e-01 7.227716542771828179e-02
-6.913827655310633702e-01 3.227845903978062130e-03 3.647374416598618829e-01 5.317850218058030043e-01 1.002496906303570745e-01
-6.312625250501007201e-01 3.457903063891890061e-03 3.565889054671632086e-01 5.006179349096345765e-01 1.393352565593103387e-01
-5.711422845691380701e-01 3.631936240534416275e-03 3.424165064717397122e-01 4.626658812171838830e-01 1.912856760705420323e-01
-5.110220440881771964e-01 3.712701248853345157e-03 3.217681230673709036e-01 4.187110524337628870e-01 2.558081232500129532e-01
-4.509018036072145463e-01 3.676769706528251573e-03 2.957630860267270734e-01 3.710136412591772959e-01 3.295465030075672708e-01
-3.907815631262536726e-01 3.530309439816796402e-03 2.666179386811376451e-01 3.232830665007180859e-01 4.065686853783274657e-01
-3.306613226452910226e-01 3.302451983726299722e-03 2.374360562526247886e-01 2.791854041502788153e-01 4.800760876133700616e-01
-2.705410821643283725e-01 3.034454714074783042e-03 2.110504913036627128e-01 2.417921595597301299e-01 5.441228944225323660e-01
-2.104208416833674988e-01 2.764647120637666808e-03 1.892873297503536723e-01 2.124200430484265434e-01 5.955279800805820534e-01
-1.503006012024048488e-01 2.522591637039689038e-03 1.728836857375495306e-01 1.912264061639690760e-01 6.333673164614417317e-01
-9.018036072144397508e-02 2.321318739815928737e-03 1.620069849498982639e-01 1.777753212293297080e-01 6.578963750809559974e-01
-3.006012024048132503e-02 2.164240792126590450e-03 1.562745501449706587e-01 1.712151245139301725e-01 6.703460845489724873e-01
3.006012024047954867e-02 2.051336803869434951e-03 1.553393359735304458e-01 1.711765273477115490e-01 6.714327998748885751e-01
9.018036072144219872e-02 1.976130879364087177e-03 1.587840157233719740e-01 1.769650776916786294e-01 6.622747757055853501e-01
1.503006012024048488e-01 1.934628454766043485e-03 1.661149624993999430e-01 1.883700414524349109e-01 6.435803675933989831e-01
2.104208416833657225e-01 1.917900226669440756e-03 1.769129930086336677e-01 2.049026830892239082e-01 6.162664236754730185e-01
2.705410821643283725e-01 1.923743423953293806e-03 1.904993295948963772e-01 2.261236441750942017e-01 5.814532828060560155e-01
3.306613226452892462e-01 1.946086768353933729e-03 2.059799917508591816e-01 2.509800745007593203e-01 5.410938469800276041e-01
3.907815631262518963e-01 1.983058944482973818e-03 2.223445501091412535e-01 2.782389560402544482e-01 4.974334349061214078e-01
4.509018036072145463e-01 2.036984954718085335e-03 2.386582576605044137e-01 3.061214642290567278e-01 4.531832931557208122e-01
5.110220440881754200e-01 2.111695815052477138e-03 2.539871969367006876e-01 3.330326431801834963e-01 4.108684640680633215e-01
5.711422845691380701e-01 2.217595457051275021e-03 2.678186665443361703e-01 3.571122180010400382e-01 3.728515199975726002e-01
6.312625250500989438e-01 2.367490139396167224e-03 2.799128101219897080e-01 3.770425872259790534e-01 3.406771125126350497e-01
6.913827655310615938e-01 2.580866510454073778e-03 2.903725354600236175e-01 3.920028772584143173e-01 3.150437207711080378e-01
7.515030060120242439e-01 2.882890585018442909e-03 2.994405968524534445e-01 4.015759126087933839e-01 2.961005999537347777e-01
8.116232464929851176e-01 3.308223194968306583e-03 3.073749517481987881e-01 4.054118950641965036e-01 2.839049299926365011e-01
8.717434869739477676e-01 3.909478727454641749e-03 3.146026768277402907e-01 4.035781036442859793e-01 2.779097408005190561e-01
9.318637274549086413e-01 4.753165459851455693e-03 3.211009960270165275e-01 3.964265936904366461e-01 2.777192448226953325e-01
9.919839679358712914e-01 5.942452741141244707e-03 3.269507017384317704e-01 3.843802150114757898e-01 2.827266305089510823e-01
1.052104208416832165e+00 7.619555055675454776e-03 3.321774909956023980e-01 3.679095182693291055e-01 2.922934356793929767e-01
1.112224448897794815e+00 9.992251611429072908e-03 3.366930274219631647e-01 3.478382962289159885e-01 3.054764247376918207e-01
1.172344689378757465e+00 1.334506049404462005e-02 3.402271205917927199e-01 3.252764577379522737e-01 3.211513611762104592e-01
1.232464929859720115e+00 1.806595161890799106e-02 3.428129273604637040e-01 3.012631227066135953e-01 3.378579983140146958e-01
1.292585170340679213e+00 2.468512071332404356e-02 3.444267084499618159e-01 2.768382326843656371e-01 3.540499381523485312e-01
1.352705410821641863e+00 3.389289946679260868e-02 3.452129721679509378e-01 2.530931685790110963e-01 3.678009597862453295e-01
1.412825651302604513e+00 4.653488261212629373e-02 3.452017615405056916e-01 2.308597639956456171e-01 3.774035918517224530e-01
1.472945891783567163e+00 6.361219699715375819e-02 3.445142529795299779e-01 2.107177798507720579e-01 3.811557701725440950e-01
1.533066132264529813e+00 8.617489463338144640e-02 3.432308225391427214e-01 1.929828980497552970e-01 3.776113847777205490e-01
1.593186372745488910e+00 1.150507525761678279e-01 3.410342336585670542e-01 1.777141525810004563e-01 3.662008611842645367e-01
1.653306613226451560e+00 1.507399835487059914e-01 3.375533054055370741e-01 1.647728706548596267e-01 3.469338403908972523e-01
1.713426853707414210e+00 1.927888594708614955e-01 3.325440946177434798e-01 1.539961868858644445e-01 3.206708590255305524e-01
1.773547094188376860e+00 2.397973798036090454e-01 3.258102011862923364e-01 1.451550721224321439e-01 2.892373468876663911e-01
1.833667334669339510e+00 2.894107400500949834e-01 3.172560332542023742e-01 1.382173520819507673e-01 2.551158746137518474e-01
1.893787575150298608e+00 3.384716480401576688e-01 3.074655805764051064e-01 1.332044843733155570e-01 2.208582870101216955e-01
1.953907815631261258e+00 3.839628281412543753e-01 2.971284163323011374e-01 1.302001952203977186e-01 1.887085603060467132e-01
2.014028056112223908e+00 4.231951241114212947e-01 2.871594041633237504e-01 1.294359763349267611e-01 1.602094953903281938e-01
2.074148296593186558e+00 4.544309395650710237e-01 2.783496251638771235e-01 1.310431591480701596e-01 1.361762761229817764e-01
2.134268537074149208e+00 4.766230153180202600e-01 2.713763276426026660e-01 1.353086878326244524e-01 1.166919692067525938e-01
2.194388777555108305e+00 4.893079746344046743e-01 2.667909432552168503e-01 1.424304489302200549e-01 1.014706331801582817e-01
2.254509018036070955e+00 4.926333098967735080e-01 2.646968699478193798e-01 1.526721633868445838e-01 8.999765676856247287e-02
2.314629258517033605e+00 4.867067981834672930e-01 2.653262792341769538e-01 1.662140043507155385e-01 8.175291823164014537e-02
2.374749498997996255e+00 4.722407521968786104e-01 2.684811695552408728e-01 1.830024670878638848e-01 7.627561116001653485e-02
2.434869739478958905e+00 4.497706823709443635e-01 2.741607113925895733e-01 2.029399835387419582e-01 7.312862269772420210e-02
2.494989979959918003e+00 4.202556686388154161e-01 2.820348937008201884e-01 2.256649189877828199e-01 7.204451867258161724e-02
2.555110220440880653e+00 3.849695301820365567e-01 2.918337994085676290e-01 2.502498629894511217e-01 7.294680741994467865e-02
2.615230460921843303e+00 3.454069746674384156e-01 3.031450434176960473e-01 2.758049177558236087e-01 7.564306415904208103e-02
2.675350701402805953e+00 3.033932567615623133e-01 3.157100877841184094e-01 3.006748537942613986e-01 8.022180166005785096e-02
2.735470941883768603e+00 2.608391995481497139e-01 3.288721548456762789e-01 3.236507850250187612e-01 8.663786058115534316e-02
2.795591182364727700e+00 2.195626940424567075e-01 3.423379513266023855e-01 3.430671318561296923e-01 9.503222277481129798e-02
2.855711422845690350e+00 1.810155701687068408e-01 3.554229907461924909e-01 3.580940788705670452e-01 1.054673602145336231e-01
2.915831663326653000e+00 1.464052810319276809e-01 3.677003485291092111e-01 3.678994149725246521e-01 1.179949554664383865e-01
2.975951903807615651e+00 1.162724866924930572e-01 3.783824005432570581e-01 3.727209902502273131e-01 1.326241225140226132e-01
3.036072144288574748e+00 9.092385580549713908e-02 3.869842269137680479e-01 3.729080923129715619e-01 1.491838249677632233e-01
3.096192384769537398e+00 7.013782814683708344e-02 3.926360416825050992e-01 3.697222700934800210e-01 1.675038600771777686e-01
3.156312625250500048e+00 5.355981917871600190e-02 3.949271584412397673e-01 3.643458691430592755e-01 1.871671532369849345e-01
3.216432865731462698e+00 4.061132315321638181e-02 3.932773267723302379e-01 3.582480424447104239e-01 2.078633076297429494e-01
3.276553106212425348e+00 3.070248602617939304e-02 3.874782622737065751e-01 3.527756144643500735e-01 2.290436372357638473e-01
3.336673346693384445e+00 2.321871520261423530e-02 3.772380761467662436e-01 3.492689635769481438e-01 2.502742450736713531e-01
3.396793587174347095e+00 1.763783104884152422e-02 3.625587578363935748e-01 3.487526765573480403e-01 2.710507345574169058e-01
3.456913827655309746e+00 1.349832826691146036e-02 3.436125292270656439e-01 3.520567845370407567e-01 2.908323579689822136e-01
3.517034068136272396e+00 1.043306052193615670e-02 3.206168106490553393e-01 3.597732274432545174e-01 3.091769013857539328e-01
3.577154308617235046e+00 8.161871990320205411e-03 2.940299165366220824e-01 3.721570910232190887e-01 3.256511204498385714e-01
3.637274549098194143e+00 6.468257746928396563e-03 2.646719372604434128e-01 3.891589726637014746e-01 3.397008323289267273e-01
3.697394789579156793e+00 5.196024352749266904e-03 2.335297876260025995e-01 4.106184403015245010e-01 3.506557477197236317e-01
3.757515030060119443e+00 4.231900607307517888e-03 2.017365057084995195e-01 4.356081682740218231e-01 3.584234254101710815e-01
3.817635270541082093e+00 3.491681299215904609e-03 1.707008418124172089e-01 4.632649218575077277e-01 3.625425550308590816e-01
3.877755511022044743e+00 2.920565298956199173e-03 1.415701671103665182e-01 4.924188673888371115e-01 3.630904002018401910e-01
3.937875751503003841e+00 2.476225227418724344e-03 1.154173186453596039e-01 5.214049355739066582e-01 3.607015205533148916e-01
3.997995991983966491e+00 2.129852217855149939e-03 9.284630961162451679e-02 5.491696748522612026e-01 3.558541633182591979e-01
