# X mode_0 mode_1 mode_2 mode_3
-1.500000000000000000e+01 2.758131547923532434e-01 1.623367953714925094e-01 2.748514481797112996e-01 2.869986016564429754e-01
-1.493987975951903735e+01 2.757029433998103296e-01 1.611440894630103426e-01 2.770372041330785851e-01 2.861157630041007427e-01
-1.487975951903807648e+01 2.754547429641086009e-01 1.599573651014170317e-01 2.793576376610101275e-01 2.852302542734642121e-01
-1.481963927855711383e+01 2.751496382195934287e-01 1.587515478947579550e-01 2.817738411134830812e-01 2.843249727721656184e-01
-1.475951903807615295e+01 2.748390984232454426e-01 1.575597129856420031e-01 2.842368601786989801e-01 2.833643284124136019e-01
-1.469939879759519030e+01 2.743574848755749307e-01 1.563554018418860936e-01 2.867905356148902629e-01 2.824965776676487406e-01
-1.463927855711422765e+01 2.738880226089941416e-01 1.551495363407654760e-01 2.893994233838760310e-01 2.815630176663643236e-01
-1.457915831663326678e+01 2.733248148073428307e-01 1.539801406086316604e-01 2.921102611375864799e-01 2.805847834464390012e-01
-1.451903807615230413e+01 2.726498274792631404e-01 1.527246714345028844e-01 2.949359025383666011e-01 2.796895985478672908e-01
-1.445891783567134325e+01 2.720020035172017736e-01 1.514977819538248227e-01 2.977755797969447449e-01 2.787246347320286310e-01
-1.439879759519038060e+01 2.711428603251291869e-01 1.502960222806609403e-01 3.007707366806738336e-01 2.777903807135360670e-01
-1.433867735470941795e+01 2.702948531227748474e-01 1.490447549889710177e-01 3.037970092502824127e-01 2.768633826379716112e-01
-1.427855711422845708e+01 2.692903355640097196e-01 1.478226880656556552e-01 3.069390442923751738e-01 2.759479320779594791e-01
-1.421843687374749443e+01 2.683235630045500142e-01 1.465773506384479841e-01 3.101422865875292922e-01 2.749567997694726817e-01
-1.415831663326653356e+01 2.671150530223082020e-01 1.452998435421794798e-01 3.134639118412038683e-01 2.741211915943083666e-01
-1.409819639278557091e+01 2.659442555266013919e-01 1.440422274902645183e-01 3.168230693376958840e-01 2.731904476454381503e-01
-1.403807615230461003e+01 2.645615117757837975e-01 1.427604071591938861e-01 3.203597651981234251e-01 2.723183158668990300e-01
-1.397795591182364738e+01 2.632142685232263801e-01 1.414710186573414352e-01 3.239074205924289962e-01 2.714072922270032162e-01
-1.391783567134268473e+01 2.616872667915275952e-01 1.402054452541760532e-01 3.275790999794880864e-01 2.705281879748083207e-01
-1.385771543086172386e+01 2.601437843971594055e-01 1.388481507002294890e-01 3.313106903682689897e-01 2.696973745343421158e-01
-1.379759519038076121e+01 2.584576615924772947e-01 1.375273713587407687e-01 3.351643181820724293e-01 2.688506488667094518e-01
-1.373747494989980034e+01 2.566054048611284832e-01 1.362316194492099175e-01 3.391140510310758915e-01 2.680489246585857632e-01
-1.367735470941883769e+01 2.547892140458327681e-01 1.348847981633480297e-01 3.431122310708489276e-01 2.672137567199702191e-01
-1.361723446893787504e+01 2.528054073985492312e-01 1.335428632251151326e-01 3.472259212693626917e-01 2.664258081069730277e-01
-1.355711422845691416e+01 2.507330462762421552e-01 1.321736922300090766e-01 3.514236619011591456e-01 2.656695995925896780e-01
-1.349699398797595151e+01 2.485410097260881135e-01 1.307917647204624167e-01 3.557243890773816308e-01 2.649428364760677557e-01
-1.343687374749499064e+01 2.462827932358775951e-01 1.294232224984697699e-01 3.601267478931001187e-01 2.641672363725524608e-01
-1.337675350701402799e+01 2.438795889374873738e-01 1.280253529462388740e-01 3.646387417829888844e-01 2.634563163332849234e-01
-1.331663326653306711e+01 2.414270774863888913e-01 1.266173014515956374e-01 3.692334858892107330e-01 2.627221351728047938e-01
-1.325651302605210446e+01 2.388723338593912171e-01 1.251805093879012898e-01 3.738871353548565146e-01 2.620600213978509507e-01
-1.319639278557114181e+01 2.362194414026828060e-01 1.237260923338980717e-01 3.786818109269592947e-01 2.613726553364598693e-01
-1.313627254509018094e+01 2.334594105664071217e-01 1.222612517386145459e-01 3.835063607155482779e-01 2.607729769794299712e-01
-1.307615230460921829e+01 2.305960864829597057e-01 1.207903542520705337e-01 3.884647708125988363e-01 2.601487884523708827e-01
-1.301603206412825742e+01 2.276617331048828019e-01 1.193271409702649916e-01 3.934527384940432748e-01 2.595583874308090011e-01
-1.295591182364729477e+01 2.246401567720815173e-01 1.178263217764752430e-01 3.985408877279841278e-01 2.589926337234592091e-01
-1.289579158316633212e+01 2.215196232615538885e-01 1.163315958781793724e-01 4.036941447638954239e-01 2.584546360963714262e-01
-1.283567134268537124e+01 2.182810936212283281e-01 1.147915177534270803e-01 4.089591594265773455e-01 2.579682291987672738e-01
-1.277555110220440859e+01 2.149750049537827168e-01 1.132539004621046785e-01 4.143737715222749474e-01 2.573973230618377683e-01
-1.271543086172344772e+01 2.116241565845640438e-01 1.116770493990478785e-01 4.196828958911832386e-01 2.570158981252049224e-01
-1.265531062124248507e+01 2.081506215849994457e-01 1.101217239774642392e-01 4.251793598018823728e-01 2.565482946356539284e-01
-1.259519038076152242e+01 2.046104145314020240e-01 1.085279213412938537e-01 4.306711514486739611e-01 2.561905126786301889e-01
-1.253507014028056155e+01 2.009658450022974996e-01 1.069200036693015027e-01 4.363621560435635982e-01 2.557519952848373856e-01
-1.247494989979959890e+01 1.973321192257737056e-01 1.053130969883673967e-01 4.419190047700808921e-01 2.554357790157780750e-01
-1.241482965931863802e+01 1.935573548361463614e-01 1.036968197725591512e-01 4.476763529580802259e-01 2.550694724332142616e-01
-1.235470941883767537e+01 1.897487742538618571e-01 1.020464830446931592e-01 4.535161697681899806e-01 2.546885729332549198e-01
-1.229458917835671272e+01 1.858767647151199631e-01 1.003960463783270113e-01 4.592370529060486040e-01 2.544901360005044078e-01
-1.223446893787575185e+01 1.818930000369505251e-01 9.872516387285359962e-02 4.651812310392851035e-01 2.542006050509106885e-01
-1.217434869739478920e+01 1.779519878758617502e-01 9.704777452886118039e-02 4.710182159534308521e-01 2.539820216418463561e-01
-1.211422845691382832e+01 1.739392484305621045e-01 9.534828612963754113e-02 4.769190531759365803e-01 2.537934122638638157e-01
-1.205410821643286567e+01 1.698607970673645107e-01 9.366588144834418761e-02 4.828583856682625575e-01 2.536149358160286194e-01
-1.199398797595190302e+01 1.657791344030583591e-01 9.191577579394068220e-02 4.888402925265676324e-01 2.534647972764332291e-01
-1.193386773547094215e+01 1.616405162258268136e-01 9.021525563657288582e-02 4.948465291046389991e-01 2.532976990329612321e-01
-1.187374749498997950e+01 1.574762358684529961e-01 8.846379789401061233e-02 5.008444776973381973e-01 2.532154885401982636e-01
-1.181362725450901863e+01 1.533300492483671285e-01 8.673661642781661796e-02 5.067635713627127725e-01 2.531697629611034950e-01
-1.175350701402805598e+01 1.491880400765558667e-01 8.498031254093751929e-02 5.127510384420446155e-01 2.530806089404620818e-01
-1.169338677354709333e+01 1.449986666637180788e-01 8.322641512940547048e-02 5.186885832746430669e-01 2.530863349322333700e-01
-1.163326653306613245e+01 1.408176336976255105e-01 8.146692936819124875e-02 5.246193750950022272e-01 2.530960618391810413e-01
-1.157314629258517158e+01 1.365853860692914645e-01 7.972045464717231189e-02 5.305724258296941054e-01 2.531217334538420349e-01
-1.151302605210420893e+01 1.324449585468726875e-01 7.796413656866756081e-02 5.364479456499109400e-01 2.531429592345487700e-01
-1.145290581162324628e+01 1.282964584750059256e-01 7.619034032074724350e-02 5.422760516270520581e-01 2.532371495771948422e-01
-1.139278557114228363e+01 1.241812326055389271e-01 7.442608561123995048e-02 5.480236380924649042e-01 2.533690436907562460e-01
-1.133266533066132276e+01 1.200477228036026106e-01 7.267289097463296155e-02 5.538065051832096186e-01 2.534728810385547537e-01
-1.127254509018036188e+01 1.159819765692061549e-01 7.090913777155959108e-02 5.594160899467741643e-01 2.536927957124601174e-01
-1.121242484969939923e+01 1.119832897954999296e-01 6.917385665278683038e-02 5.650366415915246687e-01 2.538062119601887101e-01
-1.115230460921843658e+01 1.079725773748830275e-01 6.743532606968069554e-02 5.705273263231916969e-01 2.540647702322446078e-01
-1.109218436873747571e+01 1.040652618156470838e-01 6.570842889862242575e-02 5.759371400995139112e-01 2.542891691862166903e-01
-1.103206412825651306e+01 1.001772395494142376e-01 6.396471020725597034e-02 5.812947661923605347e-01 2.545632840509691741e-01
-1.097194388777555218e+01 9.634768934876108970e-02 6.226104874286110535e-02 5.865308808647859973e-01 2.548603810435918215e-01
-1.091182364729458953e+01 9.261192185952631106e-02 6.056060663822551704e-02 5.916309813476837709e-01 2.551964901545643039e-01
-1.085170340681362688e+01 8.892610506923799563e-02 5.887910040596414096e-02 5.966521077429520759e-01 2.555426867818457737e-01
-1.079158316633266423e+01 8.526853132117216683e-02 5.719919806133090534e-02 6.015923973618135800e-01 2.559398732556834033e-01
-1.073146292585170336e+01 8.176486375061001177e-02 5.554420175781601271e-02 6.063376237445052830e-01 2.563533107470686301e-01
-1.067134268537074249e+01 7.827766206585355657e-02 5.390237666799709698e-02 6.110273190333244120e-01 2.567926422328248304e-01
-1.061122244488977984e+01 7.491252165177016142e-02 5.228914141143520267e-02 6.155034797794280976e-01 2.572948571573665522e-01
-1.055110220440881719e+01 7.162357307274347384e-02 5.069329704027310951e-02 6.199146088528671994e-01 2.577685210341161826e-01
-1.049098196392785631e+01 6.839367832499393396e-02 4.911197070447923668e-02 6.242186916992884527e-01 2.582756592712384669e-01
-1.043086172344689366e+01 6.526870148345530198e-02 4.756496469901648483e-02 6.282984818546331063e-01 2.588678519628951347e-01
-1.037074148296593279e+01 6.222667251649055542e-02 4.602446125649016506e-02 6.322651860928463208e-01 2.594836801341730559e-01
-1.031062124248497014e+01 5.927204288219230927e-02 4.452208394309620232e-02 6.361005066011542475e-01 2.601053665735570952e-01
-1.025050100200400749e+01 5.643427324109638599e-02 4.305026006021935719e-02 6.397122644466711749e-01 2.608032022520131998e-01
-1.019038076152304662e+01 5.366071982242929389e-02 4.159547822837467851e-02 6.432497113514499265e-01 2.614940905977460872e-01
-1.013026052104208397e+01 5.099273173475930843e-02 4.016624601801887379e-02 6.466240213869158815e-01 2.622170008603059155e-01
-1.007014028056112309e+01 4.841808318570282182e-02 3.877636412632946145e-02 6.498418419649027999e-01 2.629637107230648474e-01
-1.001002004008016044e+01 4.594421974850372570e-02 3.741480518770824715e-02 6.528452140114678892e-01 2.637957610523201102e-01
-9.949899799599197792e+00 4.355570574937869116e-02 3.607928284733977198e-02 6.557291426029829839e-01 2.646358688002984905e-01
-9.889779559118236918e+00 4.125805041227480902e-02 3.478019779765667563e-02 6.584739330023597903e-01 2.654878187877086071e-01
-9.829659318637276044e+00 3.904626477001542362e-02 3.349850371102044977e-02 6.610679875888745283e-01 2.663872439300895567e-01
-9.769539078156313394e+00 3.692902296067052115e-02 3.225336440343860162e-02 6.634644246551059110e-01 2.673531879807851119e-01
-9.709418837675350744e+00 3.489963605636439703e-02 3.104000560402407280e-02 6.657147307890223242e-01 2.683456275505890498e-01
-9.649298597194388094e+00 3.296671417753858913e-02 2.986126048542144668e-02 6.678958153238633288e-01 2.692762100131766978e-01
-9.589178356713427220e+00 3.110729344013098488e-02 2.871165544128834179e-02 6.697985385476417086e-01 2.703825125709389265e-01
-9.529058116232466347e+00 2.934250352603307022e-02 2.759733896570703074e-02 6.715907780565572027e-01 2.714693794517027969e-01
-9.468937875751503697e+00 2.765412732467136328e-02 2.650713406696113619e-02 6.732234629248409208e-01 2.726152756835266144e-01
-9.408817635270541047e+00 2.605046659093235295e-02 2.545594281361437949e-02 6.747111247771359066e-01 2.737824658183173887e-01
-9.348697394789578397e+00 2.452315777805685881e-02 2.443288807455753012e-02 6.760899738533968639e-01 2.749539802939888200e-01
-9.288577154308617523e+00 2.306674966983420644e-02 2.343619397743174418e-02 6.773355647409781133e-01 2.761614916117558494e-01
-9.228456913827656649e+00 2.168589023806308247e-02 2.248187262394114524e-02 6.784224220211636514e-01 2.774098151168320481e-01
-9.168336673346693999e+00 2.037847804262505474e-02 2.155035460040045231e-02 6.793499697118193792e-01 2.787211976451551831e-01
-9.108216432865731349e+00 1.913450897452376870e-02 2.064998489757808448e-02 6.801545886335252922e-01 2.800609174943727853e-01
-9.048096192384768699e+00 1.796125958234744829e-02 1.977999365372554857e-02 6.808641267267265818e-01 2.813946200372004491e-01
-8.987975951903807825e+00 1.685103681364732986e-02 1.894237238468804430e-02 6.814601815934613338e-01 2.827464092082033198e-01
-8.927855711422846952e+00 1.580146358909172502e-02 1.813376618568506016e-02 6.818756642033277915e-01 2.841891060218953990e-01
-8.867735470941884302e+00 1.481183699980132169e-02 1.734945641338868361e-02 6.822491229553588887e-01 2.855895836314511493e-01
-8.807615230460921651e+00 1.387756335957321049e-02 1.659471494839090747e-02 6.824545029145006048e-01 2.870732187775352773e-01
-8.747494989979959001e+00 1.299986268054285736e-02 1.587099175886502039e-02 6.824939258839024525e-01 2.886352196766896472e-01
-8.687374749498998128e+00 1.216958672177931473e-02 1.517403110797728959e-02 6.825963658920536359e-01 2.900600162781898361e-01
-8.627254509018037254e+00 1.138678745241048992e-02 1.450134820363948966e-02 6.824755837669600478e-01 2.916362805769898703e-01
-8.567134268537074604e+00 1.065610253478372661e-02 1.385557246613485297e-02 6.823314295131993612e-01 2.931568954858820297e-01
-8.507014028056111954e+00 9.966093227992954898e-03 1.323739638428514040e-02 6.820282844006203549e-01 2.947682259871016175e-01
-8.446893787575149304e+00 9.321475489250649615e-03 1.264207797525162755e-02 6.817273377564790904e-01 2.963091087790187261e-01
-8.386773547094188430e+00 8.713168020822137719e-03 1.206408948457004734e-02 6.812770659737035217e-01 2.979456765209042568e-01
-8.326653306613227556e+00 8.144960671838933144e-03 1.151680159499188054e-02 6.807455255000952610e-01 2.995927122330738213e-01
-8.266533066132264906e+00 7.612158750633559595e-03 1.099227408142733516e-02 6.801802419203966110e-01 3.012153252475425202e-01
-8.206412825651302256e+00 7.113492823928622283e-03 1.048795526863667039e-02 6.795599638599860715e-01 3.028385880474486203e-01
-8.146292585170341383e+00 6.646055370822503451e-03 1.000531308826810468e-02 6.788716320225736123e-01 3.044769995183357891e-01
-8.086172344689378733e+00 6.208298493669766639e-03 9.542502797262321715e-03 6.781171787202114887e-01 3.061320199888565297e-01
-8.026052104208417859e+00 5.801086874799700997e-03 9.100692809930486030e-03 6.773433700524265078e-01 3.077548502628432159e-01
-7.965931863727455209e+00 5.418917727862371594e-03 8.675538113478074159e-03 6.764574627221388026e-01 3.094480814365208610e-01
-7.905811623246493447e+00 5.065249998765051533e-03 8.273690389531043049e-03 6.755008187903797090e-01 3.111602408213242077e-01
-7.845691382765531685e+00 4.733508207098629031e-03 7.886427973318907783e-03 6.747717619008869461e-01 3.126083019186954304e-01
-7.785571142284569035e+00 4.425147523400967467e-03 7.516584811227672476e-03 6.737368001796273376e-01 3.143214674857441326e-01
-7.725450901803607273e+00 4.135540741217765166e-03 7.165787896593116442e-03 6.728080745200127888e-01 3.158905968421762966e-01
-7.665330661322645511e+00 3.866083033392977812e-03 6.827690232685547020e-03 6.718429812382789024e-01 3.174632454956425875e-01
-7.605210420841683749e+00 3.616360088497551622e-03 6.506827136069501770e-03 6.708098142016755139e-01 3.190669985737574210e-01
-7.545090180360721988e+00 3.383706979858744270e-03 6.202640241024961858e-03 6.697209852653466244e-01 3.206926675137696803e-01
-7.484969939879760226e+00 3.165386803134117005e-03 5.911329634916109160e-03 6.687932018740307960e-01 3.221300816879190121e-01
-7.424849699398797576e+00 2.963230997188854784e-03 5.633027804757891055e-03 6.677555128892167513e-01 3.236482283088364387e-01
-7.364729458917835814e+00 2.775360279168591609e-03 5.368617521644319761e-03 6.667029320644700663e-01 3.251530901347170488e-01
-7.304609218436874052e+00 2.600395923222650375e-03 5.115508737136125958e-03 6.658048486344525507e-01 3.264792467051886304e-01
-7.244488977955912290e+00 2.437666299367428208e-03 4.876316663109218907e-03 6.647353123663883867e-01 3.279507046711349072e-01
-7.184368737474950528e+00 2.286247098567542949e-03 4.648705622539602705e-03 6.638057575230943419e-01 3.292592897557985454e-01
-7.124248496993987878e+00 2.145993130729851543e-03 4.432303563081268528e-03 6.627470712063103786e-01 3.306746320998785182e-01
-7.064128256513026116e+00 2.014960548495386798e-03 4.225127527806294726e-03 6.618976683667021632e-01 3.318622435569962281e-01
-7.004008016032064354e+00 1.893515271222141229e-03 4.029583058127386361e-03 6.609061319148390456e-01 3.331707697558114467e-01
-6.943887775551102592e+00 1.781294353936203802e-03 3.843302308934145022e-03 6.600587923408541835e-01 3.343166109962753541e-01
-6.883767535070139942e+00 1.676387987739013730e-03 3.665647334080581951e-03 6.591909205223273061e-01 3.354670441558531002e-01
-6.823647294589179069e+00 1.579011487798488624e-03 3.497405046973968857e-03 6.584859632715067690e-01 3.364376201937207544e-01
-6.763527054108216419e+00 1.488606121015585964e-03 3.337355231362337023e-03 6.576028278657434223e-01 3.375712107818786278e-01
-6.703406813627255545e+00 1.404844273472882071e-03 3.185751296161280950e-03 6.569004816315811013e-01 3.385089227987847504e-01
-6.643286573146292895e+00 1.326718768942709587e-03 3.040808190479713912e-03 6.562290119161540147e-01 3.394034611244235999e-01
-6.583166332665330245e+00 1.254622262882584566e-03 2.904755657871583348e-03 6.555280133473223581e-01 3.403126087319234827e-01
-6.523046092184369371e+00 1.187839355028796721e-03 2.775282340833671191e-03 6.549951143749477289e-01 3.410417639291898340e-01
-6.462925851703406721e+00 1.125371972229234629e-03 2.651679193722767097e-03 6.544390738320097212e-01 3.417838750020383287e-01
-6.402805611222445847e+00 1.067589629580970772e-03 2.534457410810419479e-03 6.539221394472503057e-01 3.424758135123581737e-01
-6.342685370741483197e+00 1.014045378084242610e-03 2.423598382569183696e-03 6.535618574515887902e-01 3.430004987877578460e-01
-6.282565130260520547e+00 9.643855768192694357e-04 2.319178766693816372e-03 6.531693889294115651e-01 3.435470467270753669e-01
-6.222444889779559674e+00 9.184301128120111709e-04 2.218868298979941207e-03 6.528422113407883476e-01 3.440204902474197080e-01
-6.162324649298597024e+00 8.755840595421312059e-04 2.124471743456081592e-03 6.525801448321939535e-01 3.444197993648078771e-01
-6.102204408817636150e+00 8.360738484246186489e-04 2.035012629988994237e-03 6.524473622362734204e-01 3.446815512853130259e-01
-6.042084168336673500e+00 7.995080204029139399e-04 1.949870467783329248e-03 6.522770155190060759e-01 3.449736059928076304e-01
-5.981963927855712626e+00 7.656272330604740840e-04 1.869548978764628763e-03 6.522021055817799340e-01 3.451627182063948807e-01
-5.921843687374749976e+00 7.344557258499949783e-04 1.793091735652847796e-03 6.521557876044821178e-01 3.453166649340150829e-01
-5.861723446893787326e+00 7.053818779338562979e-04 1.720897398212097073e-03 6.522023666183486279e-01 3.453713541055053460e-01
-5.801603206412826452e+00 6.788953768925542727e-04 1.652709260821019982e-03 6.523461273151142104e-01 3.453222680471723094e-01
-5.741482965931863802e+00 6.542478075302385863e-04 1.587521602461278289e-03 6.525163302897398765e-01 3.452419003002686893e-01
-5.681362725450902929e+00 6.316079139165808268e-04 1.525999863466551403e-03 6.527435652598437832e-01 3.450988269627731087e-01
-5.621242484969940278e+00 6.110720032105331238e-04 1.468345169537105081e-03 6.530343057289013098e-01 3.448862770983510129e-01
-5.561122244488977628e+00 5.918689874624855378e-04 1.413182686136978854e-03 6.533788402063270828e-01 3.446161081200735388e-01
-5.501002004008016755e+00 5.746122740885966067e-04 1.361060829021163874e-03 6.537648090629303299e-01 3.442995178339599560e-01
-5.440881763527054105e+00 5.588072902529962575e-04 1.311431655954187940e-03 6.541917583752036025e-01 3.439380026785892608e-01
-5.380761523046093231e+00 5.444887442401438868e-04 1.264932040786333808e-03 6.547143135210271581e-01 3.434762656939464032e-01
-5.320641282565130581e+00 5.315358464257314512e-04 1.220710175066862550e-03 6.552929307686304883e-01 3.429548232098768579e-01
-5.260521042084167931e+00 5.199029526592656393e-04 1.178849837445822366e-03 6.559019250048974126e-01 3.423993222049974694e-01
-5.200400801603207057e+00 5.096439009834100031e-04 1.139724250794047584e-03 6.565859222829670827e-01 3.417647095652555644e-01
-5.140280561122244407e+00 5.004358746744413033e-04 1.101894421285698348e-03 6.572784581046874353e-01 3.411192115993523233e-01
-5.080160320641283533e+00 4.926281852161696045e-04 1.066803179910097953e-03 6.580045951096983314e-01 3.404359735251753505e-01
-5.020040080160320883e+00 4.858728567505815978e-04 1.033399607220452255e-03 6.587927274451350623e-01 3.396880000908937824e-01
-4.959919839679358233e+00 4.802605757056578823e-04 1.001805166998017121e-03 6.596681910258325177e-01 3.388497432314638846e-01
-4.899799599198397360e+00 4.757556715532773031e-04 9.720227865839453424e-04 6.605381026411090151e-01 3.380141189007537239e-01
-4.839679358717434710e+00 4.723842746930729305e-04 9.439441473974096537e-04 6.614272080167955536e-01 3.371564635611138949e-01
-4.779559118236473836e+00 4.700156376657420461e-04 9.173707098447497462e-04 6.622708524805505093e-01 3.363417611719390354e-01
-4.719438877755511186e+00 4.688101069515690804e-04 8.925497827181361503e-04 6.632773811554192323e-01 3.353612589549109790e-01
-4.659318637274550312e+00 4.685799559323866885e-04 8.689535197783412445e-04 6.642312296894795631e-01 3.344312368348096309e-01
-4.599198396793587662e+00 4.694854276520463794e-04 8.469006218221883982e-04 6.651335020705922974e-01 3.335501118799335529e-01
-4.539078156312625012e+00 4.715565282725629379e-04 8.258872851115037174e-04 6.661613417619077770e-01 3.325412144247082979e-01
-4.478957915831664138e+00 4.746606110046814328e-04 8.064389220025229739e-04 6.672066321293205204e-01 3.315122683376723334e-01
-4.418837675350701488e+00 4.789927211229010550e-04 7.879569591277754952e-04 6.681498403296499689e-01 3.305832099900993803e-01
-4.358717434869740615e+00 4.845799122946395279e-04 7.706355196276819036e-04 6.692323206414151349e-01 3.295124639266624467e-01
-4.298597194388777964e+00 4.912798706152499877e-04 7.547095533774367563e-04 6.702439291488302420e-01 3.285100814271770808e-01
-4.238476953907815314e+00 4.993520272169823561e-04 7.395970869340088606e-04 6.713090255682285790e-01 3.274520253176204099e-01
-4.178356713426854441e+00 5.087457580359918416e-04 7.255341109542241167e-04 6.723023912991599182e-01 3.264633288318498638e-01
-4.118236472945891791e+00 5.195569477683575129e-04 7.123921602177386587e-04 6.732870350910160617e-01 3.254810158009979193e-01
-4.058116232464930917e+00 5.318352916386896853e-04 7.001357523899749257e-04 6.741961768940992750e-01 3.245718520618720571e-01
-3.997995991983968267e+00 5.459686464298393188e-04 6.889152584566192927e-04 6.751822771479846219e-01 3.235828389471289146e-01
-3.937875751503005617e+00 5.618826471551515008e-04 6.786698175311239780e-04 6.760184169401370902e-01 3.227410305951766700e-01
-3.877755511022044743e+00 5.794626122978446857e-04 6.690250456717726371e-04 6.770025281301377262e-01 3.217489842118926857e-01
-3.817635270541082093e+00 5.991086773972424629e-04 6.603016706830136485e-04 6.778464382512557895e-01 3.208941514006640738e-01
-3.757515030060121219e+00 6.209190794313741799e-04 6.522760260300350344e-04 6.786387261835763463e-01 3.200880787109622871e-01
-3.697394789579158569e+00 6.451104832824748657e-04 6.452209714466358671e-04 6.794939750045079219e-01 3.192156935407630680e-01
-3.637274549098197696e+00 6.719682845630721088e-04 6.387404792536034367e-04 6.801804121478902676e-01 3.185088790882930621e-01
-3.577154308617235046e+00 7.016400166936321648e-04 6.332167477318193091e-04 6.808849884713888967e-01 3.177801547641855850e-01
-3.517034068136272396e+00 7.343275125969351723e-04 6.283095562254496693e-04 6.814753583890462707e-01 3.171620045421311707e-01
-3.456913827655311522e+00 7.703794117997286124e-04 6.239554105697662665e-04 6.821307549009651972e-01 3.164749102766652999e-01
-3.396793587174348872e+00 8.104684107855168827e-04 6.203912088164182347e-04 6.825694055669258020e-01 3.159997348134722661e-01
-3.336673346693387998e+00 8.541168904323454035e-04 6.173696222960517021e-04 6.830227301531430761e-01 3.155057833341284868e-01
-3.276553106212425348e+00 9.026858723899216629e-04 6.152203501721793203e-04 6.834122195278823364e-01 3.150698742495557370e-01
-3.216432865731462698e+00 9.559176730847908409e-04 6.135283708093061238e-04 6.837280404382564125e-01 3.147025135178494470e-01
-3.156312625250501824e+00 1.014500085970890557e-03 6.124935245289175661e-04 6.840560256451945209e-01 3.143169807443055297e-01
-3.096192384769539174e+00 1.079603998232245071e-03 6.121790484015297677e-04 6.842096697020241258e-01 3.140985472513421750e-01
-3.036072144288578301e+00 1.151235915020926669e-03 6.126350804754725774e-04 6.842415926319727060e-01 3.139945363725309413e-01
-2.975951903807615651e+00 1.230135464938468840e-03 6.134952098500559862e-04 6.842887490006950291e-01 3.138676203245165386e-01
-2.915831663326653000e+00 1.317281664628095839e-03 6.150039579571807370e-04 6.841195638354455877e-01 3.139481505419690621e-01
-2.855711422845692127e+00 1.413795512459770174e-03 6.170754106164738975e-04 6.839949242553212683e-01 3.139742048216024317e-01
-2.795591182364729477e+00 1.520329342726722821e-03 6.197627919606605099e-04 6.837782429509207116e-01 3.140816649143919892e-01
-2.735470941883768603e+00 1.638455610206773381e-03 6.234097811324598292e-04 6.833171700874088872e-01 3.144209645212519000e-01
-2.675350701402805953e+00 1.769308380033204160e-03 6.274078649614516032e-04 6.828688578987657243e-01 3.147344258562397301e-01
-2.615230460921843303e+00 1.914083537809231194e-03 6.320614860028733132e-04 6.822397331683439647e-01 3.152141218078439722e-01
-2.555110220440882429e+00 2.074536472383476174e-03 6.372823195336610068e-04 6.816045706447121377e-01 3.156836105633707978e-01
-2.494989979959919779e+00 2.252995736616299465e-03 6.433136893898605850e-04 6.807994973529551963e-01 3.163041932210386431e-01
-2.434869739478958905e+00 2.450507813918404668e-03 6.498583301109307894e-04 6.799060478447725986e-01 3.169935860111981474e-01
-2.374749498997996255e+00 2.670534465274031558e-03 6.569833313988425938e-04 6.789115379756550661e-01 3.177609442276720375e-01
-2.314629258517035382e+00 2.915468088795333985e-03 6.650684794830445190e-04 6.777309467004594135e-01 3.186885167312621947e-01
-2.254509018036072732e+00 3.186703236680763895e-03 6.736298812098934913e-04 6.765092119898348244e-01 3.196304548922744848e-01
-2.194388777555110082e+00 3.488494217586339107e-03 6.826527989550704601e-04 6.750809445429599709e-01 3.207479084404986081e-01
-2.134268537074149208e+00 3.825466253074090352e-03 6.925659911450432298e-04 6.735521424861181661e-01 3.219298252696627394e-01
-2.074148296593186558e+00 4.199298594010457755e-03 7.030907672873503746e-04 6.719330503321324644e-01 3.231645603065697592e-01
-2.014028056112225684e+00 4.617129073873490856e-03 7.142827382720743365e-04 6.701466889793281645e-01 3.245218992085261989e-01
-1.953907815631263034e+00 5.081986189548936585e-03 7.262403420090335739e-04 6.682458316757935446e-01 3.259459417926485192e-01
-1.893787575150300384e+00 5.600502814565575839e-03 7.388315057771039154e-04 6.661101152058858110e-01 3.275505504737715179e-01
-1.833667334669339510e+00 6.178161156251408236e-03 7.519892443938541119e-04 6.639861233244841454e-01 3.290837262748705361e-01
-1.773547094188376860e+00 6.820684205435241336e-03 7.658928884845059163e-04 6.616142994318643389e-01 3.307991234742158615e-01
-1.713426853707415987e+00 7.537019204228210568e-03 7.804822048436814994e-04 6.591168288069010339e-01 3.325656697840270737e-01
-1.653306613226453337e+00 8.337594421306111780e-03 7.957364872518743861e-04 6.564057413559842846e-01 3.344609277354577692e-01
-1.593186372745490686e+00 9.227019173511973385e-03 8.118559538052299998e-04 6.536118662652850020e-01 3.363492586073978385e-01
-1.533066132264529813e+00 1.021621628629200418e-02 8.285602946788894665e-04 6.505789583478607252e-01 3.383762650711683029e-01
-1.472945891783567163e+00 1.131960790155410630e-02 8.459167426959769264e-04 6.474017627158716870e-01 3.404327126398782322e-01
-1.412825651302606289e+00 1.254730116477812026e-02 8.637711285687289537e-04 6.440537829965212735e-01 3.425351447101317448e-01
-1.352705410821643639e+00 1.390889118086208534e-02 8.823062559700294797e-04 6.405657257467399779e-01 3.446430768164279179e-01
-1.292585170340682765e+00 1.542213398282945777e-02 9.015290628432386230e-04 6.368549639928186012e-01 3.468213729615086116e-01
-1.232464929859720115e+00 1.710190232747564598e-02 9.212301894169063008e-04 6.329797127124257017e-01 3.489971547706817723e-01
-1.172344689378757465e+00 1.896962948287652870e-02 9.419357601383311586e-04 6.287559432510497759e-01 3.513324915059353737e-01
-1.112224448897796591e+00 2.102931347287090649e-02 9.627463656064309816e-04 6.244799673489305203e-01 3.535279728125921839e-01
-1.052104208416833941e+00 2.330415334353552401e-02 9.839899619637729623e-04 6.199726856090445049e-01 3.557391710854561628e-01
-9.919839679358730677e-01 2.582268035914585258e-02 1.005867555952156623e-03 6.152466156294954525e-01 3.579248364554065698e-01
-9.318637274549104177e-01 2.859758241805407386e-02 1.027892791967268977e-03 6.103148669764937306e-01 3.600596578134850345e-01
-8.717434869739477676e-01 3.165547691533417834e-02 1.050711137021975760e-03 6.051419466762116839e-01 3.621518652714321163e-01
-8.116232464929868939e-01 3.501099983500270685e-02 1.073416932108020106e-03 5.996799505946963649e-01 3.642356326381929188e-01
-7.515030060120242439e-01 3.869292346829864004e-02 1.096173297187187602e-03 5.939602490877466945e-01 3.662506541467674959e-01
-6.913827655310633702e-01 4.270866046787489406e-02 1.119225564837297978e-03 5.881203293958495726e-01 3.680517845714383895e-01
-6.312625250501007201e-01 4.709969816797229120e-02 1.142334225281909071e-03 5.819241668206630580e-01 3.698338007860826337e-01
-5.711422845691380701e-01 5.187313288872962003e-02 1.165159693916865188e-03 5.755403018372969859e-01 3.714214055800565406e-01
-5.110220440881771964e-01 5.706528763536632132e-02 1.188219004924701830e-03 5.688309693161696101e-01 3.729155240435393925e-01
-4.509018036072145463e-01 6.266542333519088681e-02 1.210715631719314241e-03 5.619224519185495037e-01 3.742014091145403620e-01
-3.907815631262536726e-01 6.872225404904763746e-02 1.232797910427961855e-03 5.546968719457531227e-01 3.753480760947711659e-01
-3.306613226452910226e-01 7.523300882190567251e-02 1.254511238914569372e-03 5.472057470549427372e-01 3.763067328842370496e-01
-2.705410821643283725e-01 8.222555074365539562e-02 1.275662127279455094e-03 5.395680191160709960e-01 3.769307680129940774e-01
-2.104208416833674988e-01 8.965344646551984265e-02 1.296313737845509627e-03 5.316494723414891821e-01 3.774007674551454472e-01
-1.503006012024048488e-01 9.760828189539000332e-02 1.315579682915290387e-03 5.234930407511282358e-01 3.775830976705663589e-01
-9.018036072144397508e-02 1.059985049425796189e-01 1.334195866240799186e-03 5.151476826309826507e-01 3.775196165601969467e-01
-3.006012024048132503e-02 1.148988150792050605e-01 1.351914866617849164e-03 5.066299692228458662e-01 3.771193008313311057e-01
3.006012024047954867e-02 1.242370091057278941e-01 1.368016740243054030e-03 4.978901488155800248e-01 3.765048253384489785e-01
9.018036072144219872e-02 1.340193764699449119e-01 1.383358891058387779e-03 4.888751316662222623e-01 3.757221329727743475e-01
1.503006012024048488e-01 1.441956841686016233e-01 1.397116177454946900e-03 4.798872128399451209e-01 3.745199868139981736e-01
2.104208416833657225e-01 1.547621120448226251e-01 1.409827828814854637e-03 4.707459829431678289e-01 3.730820771831947491e-01
2.705410821643283725e-01 1.656791802338846431e-01 1.421025682796372633e-03 4.615365808241648216e-01 3.713632132591542234e-01
3.306613226452892462e-01 1.769428868738228688e-01 1.430783002010174504e-03 4.521833998459840465e-01 3.694429302781830349e-01
3.907815631262518963e-01 1.884446825627111022e-01 1.439405204854016284e-03 4.429187190320118539e-01 3.671971932004229888e-01
4.509018036072145463e-01 2.000759956530019923e-01 1.446316772866397624e-03 4.336829974736842175e-01 3.647946901004473497e-01
5.110220440881754200e-01 2.119637039009376056e-01 1.451306837598386780e-03 4.244553744354723213e-01 3.621296148259917080e-01
5.711422845691380701e-01 2.239244398842208938e-01 1.456024659028105732e-03 4.153646313451449523e-01 3.592549041116060438e-01
6.312625250500989438e-01 2.358930800849921849e-01 1.458629184763474401e-03 4.063847767037793712e-01 3.562635140264650557e-01
6.913827655310615938e-01 2.479249675379183171e-01 1.460649479145966238e-03 3.975233084147251628e-01 3.530910745682105945e-01
7.515030060120242439e-01 2.597921581177970451e-01 1.460921924138462377e-03 3.888682706183063109e-01 3.498786493397582076e-01
8.116232464929851176e-01 2.715842635151033413e-01 1.460517299503301869e-03 3.803846580138772193e-01 3.465705611715161338e-01
8.717434869739477676e-01 2.830725409551230753e-01 1.459129111963539767e-03 3.722257204551794874e-01 3.432426094777339953e-01
9.318637274549086413e-01 2.943059197579457886e-01 1.456723598908661859e-03 3.643867088768316664e-01 3.398506477663140180e-01
9.919839679358712914e-01 3.052671913432618567e-01 1.453828312750434816e-03 3.568637194147551983e-01 3.364152609292324625e-01
1.052104208416832165e+00 3.159196510402393354e-01 1.450306445265482852e-03 3.495765508522173382e-01 3.330534916622778785e-01
1.112224448897794815e+00 3.259886264580734716e-01 1.446458461710034647e-03 3.427103198121126959e-01 3.298545952681038451e-01
1.172344689378757465e+00 3.356508905904355133e-01 1.442400014985240845e-03 3.362526879413458292e-01 3.266540214532334119e-01
1.232464929859720115e+00 3.448556191266776705e-01 1.437768179138074458e-03 3.301667126289841159e-01 3.235399000652002255e-01
1.292585170340679213e+00 3.534610366467579312e-01 1.433426284685067852e-03 3.244875912564653686e-01 3.206179458120915760e-01
1.352705410821641863e+00 3.614815780079021490e-01 1.428847850872003731e-03 3.191836905575846650e-01 3.179058835836413022e-01
1.412825651302604513e+00 3.688801536853666962e-01 1.424111995000478968e-03 3.143757822528709389e-01 3.153199520667618327e-01
1.472945891783567163e+00 3.756328374445668805e-01 1.420317162781081733e-03 3.100231261485368872e-01 3.129237192441152171e-01
1.533066132264529813e+00 3.817070176220504485e-01 1.416530719419114388e-03 3.061217840263635304e-01 3.107546676321669699e-01
1.593186372745488910e+00 3.870783153810022914e-01 1.412809289280795829e-03 3.026355384113946778e-01 3.088733369183223609e-01
1.653306613226451560e+00 3.918212396034408962e-01 1.410050007941513915e-03 2.996317426528760652e-01 3.071369677357415617e-01
1.713426853707414210e+00 3.958488704565805705e-01 1.407479795515460472e-03 2.970505766366832723e-01 3.056930731112206256e-01
1.773547094188376860e+00 3.990469301005812874e-01 1.405937650642083512e-03 2.949747503299779972e-01 3.045723819187985404e-01
1.833667334669339510e+00 4.015776878912000192e-01 1.404759968007372826e-03 2.934589270758951596e-01 3.035586250648975581e-01
1.893787575150298608e+00 4.033063928106339624e-01 1.404355125162328128e-03 2.923194890710396621e-01 3.029697629931640823e-01
1.953907815631261258e+00 4.042958133731289760e-01 1.404983113343879694e-03 2.916609327165359811e-01 3.026382707969911268e-01
2.014028056112223908e+00 4.045376682205434338e-01 1.406059267828777253e-03 2.915321077724224441e-01 3.025241647392053479e-01
2.074148296593186558e+00 4.040808394690882932e-01 1.407931114565775556e-03 2.918324803050489358e-01 3.026787491112969963e-01
2.134268537074149208e+00 4.027838118186353178e-01 1.410788528086155593e-03 2.926157912671606964e-01 3.031896083861178592e-01
2.194388777555108305e+00 4.008417399869252384e-01 1.414022715147905110e-03 2.938319061162226742e-01 3.039123311817042428e-01
2.254509018036070955e+00 3.980558224805861856e-01 1.418134776780121276e-03 2.956212937613975633e-01 3.049047489812362066e-01
2.314629258517033605e+00 3.945422139571652109e-01 1.423458561761509330e-03 2.978729600422984625e-01 3.061613674387748674e-01
2.374749498997996255e+00 3.904140423722094466e-01 1.429220395128121121e-03 3.005224897814791629e-01 3.076342474511833402e-01
2.434869739478958905e+00 3.854783873821601703e-01 1.435234806686321550e-03 3.036877672169517872e-01 3.093986105942016507e-01
2.494989979959918003e+00 3.798661727665930132e-01 1.442490666466424848e-03 3.072922155867983673e-01 3.113991209801422744e-01
2.555110220440880653e+00 3.736290852562647591e-01 1.450016240514909790e-03 3.113758379945646415e-01 3.135450605086557152e-01
2.615230460921843303e+00 3.666862210538898714e-01 1.457547548248073251e-03 3.159345561171870154e-01 3.159216752806750517e-01
2.675350701402805953e+00 3.591003795955297617e-01 1.465883661057848291e-03 3.209134482699262381e-01 3.185202884734863460e-01
2.735470941883768603e+00 3.509601310951998010e-01 1.474754389325432131e-03 3.263691337805081916e-01 3.211959807349665241e-01
2.795591182364727700e+00 3.421686843944616307e-01 1.484061354828750210e-03 3.322222530242190941e-01 3.241250012264904612e-01
2.855711422845690350e+00 3.329315583612740825e-01 1.492888443287105748e-03 3.385647459311596497e-01 3.270108072642791130e-01
2.915831663326653000e+00 3.231316394223898159e-01 1.501690104145243180e-03 3.452531433329079080e-01 3.301135271405569727e-01
2.975951903807615651e+00 3.129094252351685701e-01 1.511215092853787374e-03 3.523001664669116462e-01 3.332791932050659933e-01
3.036072144288574748e+00 3.023103351529707328e-01 1.520145708048378699e-03 3.597860737148271815e-01 3.363834454241536043e-01
3.096192384769537398e+00 2.913326158059576509e-01 1.528431920738025553e-03 3.675976285003934030e-01 3.395413237729110190e-01
3.156312625250500048e+00 2.799880277315985322e-01 1.536436320151807373e-03 3.758046656261867513e-01 3.426708703220628927e-01
3.216432865731462698e+00 2.685616087650660178e-01 1.543683213755233687e-03 3.841716577945024080e-01 3.457230502266764316e-01
3.276553106212425348e+00 2.568197345859771774e-01 1.550762688452105237e-03 3.929012697063021808e-01 3.487282330192685298e-01
3.336673346693384445e+00 2.449653712051814147e-01 1.557074436909414335e-03 4.018797216967276431e-01 3.515978326611814975e-01
3.396793587174347095e+00 2.331091653451448364e-01 1.562354551812850144e-03 4.110555034290671594e-01 3.542729766739751707e-01
3.456913827655309746e+00 2.211899608308620091e-01 1.566672720919931898e-03 4.204573167129801448e-01 3.567860497352378646e-01
3.517034068136272396e+00 2.093857793961766134e-01 1.569970908295719629e-03 4.298864342162400098e-01 3.591578154792876565e-01
3.577154308617235046e+00 1.976064559731499082e-01 1.572442311703221461e-03 4.395757343498441494e-01 3.612453673653026054e-01
3.637274549098194143e+00 1.860964734500205331e-01 1.573474537884362538e-03 4.491788338484802301e-01 3.631512181636147862e-01
3.697394789579156793e+00 1.746830589785007548e-01 1.573507172633813091e-03 4.590067526440336776e-01 3.647366812048318807e-01
3.757515030060119443e+00 1.636518954913264157e-01 1.572388605259223467e-03 4.687521707372852564e-01 3.660235451661291162e-01
3.817635270541082093e+00 1.528681067528946946e-01 1.569664181959265275e-03 4.785689301555527408e-01 3.669932989095932019e-01
3.877755511022044743e+00 1.424791749675984320e-01 1.566541531554046292e-03 4.881935246846794696e-01 3.677607588161679875e-01
3.937875751503003841e+00 1.324452689682341644e-01 1.561245484141135986e-03 4.978974729007633049e-01 3.680960126468613147e-01
3.997995991983966491e+00 1.228483388966836315e-01 1.555363228748719547e-03 5.073843314315232833e-01 3.682119664430443806e-01
